30 344 684 817 1126 1431 1599 2016 2120 2446 2697 2835

iter_number: 1
21 22 1
0.000000 0.000000
11.271678 7.805381 7.627006 10.018713 4.654094 8.725241 6.771935 6.228632 7.840007 6.638791 8.908885 8.809948 3.289195 1.567850 4.588078 9.202143 11.849933 0.755913 7.052744 9.858624 12.629902 0.000000 0.000000 

iter_number: 1
21 22 1
0.000000 0.000000
11.271678 7.805381 7.627006 10.018713 4.654094 8.725241 6.771935 6.228632 7.840007 6.638791 8.908885 8.809948 3.289195 1.567850 4.588078 9.202143 11.849933 0.755913 7.052744 9.858624 12.629902 0.000000 0.000000 

iter_number: 1
21 22 1
0.000000 0.000000
11.271678 7.805381 7.627006 10.018713 4.654094 8.725241 6.771935 6.228632 7.840007 6.638791 8.908885 8.809948 3.289195 1.567850 4.588078 9.202143 11.849933 0.755913 7.052744 9.858624 12.629902 0.000000 0.000000 

iter_number: 1
21 22 1
0.000000 0.000000
11.271678 7.805381 7.627006 10.018713 4.654094 8.725241 6.771935 6.228632 7.840007 6.638791 8.908885 8.809948 3.289195 1.567850 4.588078 9.202143 11.849933 0.755913 7.052744 9.858624 12.629902 0.000000 0.000000 

iter_number: 1
21 22 1
0.000000 0.000000
11.271678 7.805381 7.627006 10.018713 4.654094 8.725241 6.771935 6.228632 7.840007 6.638791 8.908885 8.809948 3.289195 1.567850 4.588078 9.202143 11.849933 0.755913 7.052744 9.858624 12.629902 0.000000 0.000000 

iter_number: 1
21 22 1
0.000000 0.000000
11.271678 7.805381 7.627006 10.018713 4.654094 8.725241 6.771935 6.228632 7.840007 6.638791 8.908885 8.809948 3.289195 1.567850 4.588078 9.202143 11.849933 0.755913 7.052744 9.858624 12.629902 0.000000 0.000000 

iter_number: 1
21 22 1
0.000000 0.000000
11.271678 7.805381 7.627006 10.018713 4.654094 8.725241 6.771935 6.228632 7.840007 6.638791 8.908885 8.809948 3.289195 1.567850 4.588078 9.202143 11.849933 0.755913 7.052744 9.858624 12.629902 0.000000 0.000000 

iter_number: 1
21 22 1
0.000000 0.000000
11.271678 7.805381 7.627006 10.018713 4.654094 8.725241 6.771935 6.228632 7.840007 6.638791 8.908885 8.809948 3.289195 1.567850 4.588078 9.202143 11.849933 0.755913 7.052744 9.858624 12.629902 0.000000 0.000000 

iter_number: 1
21 22 1
0.000000 0.000000
11.271678 7.805381 7.627006 10.018713 4.654094 8.725241 6.771935 6.228632 7.840007 6.638791 8.908885 8.809948 3.289195 1.567850 4.588078 9.202143 11.849933 0.755913 7.052744 9.858624 12.629902 0.000000 0.000000 

iter_number: 1
21 22 1
0.000000 0.000000
11.271678 7.805381 7.627006 10.018713 4.654094 8.725241 6.771935 6.228632 7.840007 6.638791 8.908885 8.809948 3.289195 1.567850 4.588078 9.202143 11.849933 0.755913 7.052744 9.858624 12.629902 0.000000 0.000000 

iter_number: 1
21 22 1
0.000000 0.000000
11.271678 7.805381 7.627006 10.018713 4.654094 8.725241 6.771935 6.228632 7.840007 6.638791 8.908885 8.809948 3.289195 1.567850 4.588078 9.202143 11.849933 0.755913 7.052744 9.858624 12.629902 0.000000 0.000000 

iter_number: 1
21 22 1
0.000000 0.000000
11.271678 7.805381 7.627006 10.018713 4.654094 8.725241 6.771935 6.228632 7.840007 6.638791 8.908885 8.809948 3.289195 1.567850 4.588078 9.202143 11.849933 0.755913 7.052744 9.858624 12.629902 0.000000 0.000000 

iter_number: 1
21 22 1
0.000000 0.000000
11.271678 7.805381 7.627006 10.018713 4.654094 8.725241 6.771935 6.228632 7.840007 6.638791 8.908885 8.809948 3.289195 1.567850 4.588078 9.202143 11.849933 0.755913 7.052744 9.858624 12.629902 0.000000 0.000000 

iter_number: 1
21 22 1
0.000000 0.000000
11.271678 7.805381 7.627006 10.018713 4.654094 8.725241 6.771935 6.228632 7.840007 6.638791 8.908885 8.809948 3.289195 1.567850 4.588078 9.202143 11.849933 0.755913 7.052744 9.858624 12.629902 0.000000 0.000000 

iter_number: 1
21 22 1
0.000000 0.000000
11.271678 7.805381 7.627006 10.018713 4.654094 8.725241 6.771935 6.228632 7.840007 6.638791 8.908885 8.809948 3.289195 1.567850 4.588078 9.202143 11.849933 0.755913 7.052744 9.858624 12.629902 0.000000 0.000000 

iter_number: 1
21 22 1
0.000000 0.000000
11.271678 7.805381 7.627006 10.018713 4.654094 8.725241 6.771935 6.228632 7.840007 6.638791 8.908885 8.809948 3.289195 1.567850 4.588078 9.202143 11.849933 0.755913 7.052744 9.858624 12.629902 0.000000 0.000000 

iter_number: 1
21 22 1
0.000000 0.000000
11.271678 7.805381 7.627006 10.018713 4.654094 8.725241 6.771935 6.228632 7.840007 6.638791 8.908885 8.809948 3.289195 1.567850 4.588078 9.202143 11.849933 0.755913 7.052744 9.858624 12.629902 0.000000 0.000000 

iter_number: 1
21 22 1
0.000000 0.000000
11.271678 7.805381 7.627006 10.018713 4.654094 8.725241 6.771935 6.228632 7.840007 6.638791 8.908885 8.809948 3.289195 1.567850 4.588078 9.202143 11.849933 0.755913 7.052744 9.858624 12.629902 0.000000 0.000000 

iter_number: 1
21 22 1
0.000000 0.000000
11.271678 7.805381 7.627006 10.018713 4.654094 8.725241 6.771935 6.228632 7.840007 6.638791 8.908885 8.809948 3.289195 1.567850 4.588078 9.202143 11.849933 0.755913 7.052744 9.858624 12.629902 0.000000 0.000000 

iter_number: 1
21 22 1
0.000000 0.000000
11.271678 7.805381 7.627006 10.018713 4.654094 8.725241 6.771935 6.228632 7.840007 6.638791 8.908885 8.809948 3.289195 1.567850 4.588078 9.202143 11.849933 0.755913 7.052744 9.858624 12.629902 0.000000 0.000000 

iter_number: 1
21 22 1
0.000000 0.000000
11.271678 7.805381 7.627006 10.018713 4.654094 8.725241 6.771935 6.228632 7.840007 6.638791 8.908885 8.809948 3.289195 1.567850 4.588078 9.202143 11.849933 0.755913 7.052744 9.858624 12.629902 0.000000 0.000000 

iter_number: 1
21 22 1
0.000000 0.000000
11.271678 7.805381 7.627006 10.018713 4.654094 8.725241 6.771935 6.228632 7.840007 6.638791 8.908885 8.809948 3.289195 1.567850 4.588078 9.202143 11.849933 0.755913 7.052744 9.858624 12.629902 0.000000 0.000000 

iter_number: 1
21 22 1
0.000000 0.000000
11.271678 7.805381 7.627006 10.018713 4.654094 8.725241 6.771935 6.228632 7.840007 6.638791 8.908885 8.809948 3.289195 1.567850 4.588078 9.202143 11.849933 0.755913 7.052744 9.858624 12.629902 0.000000 0.000000 

iter_number: 1
21 22 1
0.000000 0.000000
11.271678 7.805381 7.627006 10.018713 4.654094 8.725241 6.771935 6.228632 7.840007 6.638791 8.908885 8.809948 3.289195 1.567850 4.588078 9.202143 11.849933 0.755913 7.052744 9.858624 12.629902 0.000000 0.000000 

iter_number: 1
21 22 1
0.000000 0.000000
11.271678 7.805381 7.627006 10.018713 4.654094 8.725241 6.771935 6.228632 7.840007 6.638791 8.908885 8.809948 3.289195 1.567850 4.588078 9.202143 11.849933 0.755913 7.052744 9.858624 12.629902 0.000000 0.000000 

iter_number: 1
21 22 1
0.000000 0.000000
11.271678 7.805381 7.627006 10.018713 4.654094 8.725241 6.771935 6.228632 7.840007 6.638791 8.908885 8.809948 3.289195 1.567850 4.588078 9.202143 11.849933 0.755913 7.052744 9.858624 12.629902 0.000000 0.000000 

iter_number: 1
21 22 1
0.000000 0.000000
11.271678 7.805381 7.627006 10.018713 4.654094 8.725241 6.771935 6.228632 7.840007 6.638791 8.908885 8.809948 3.289195 1.567850 4.588078 9.202143 11.849933 0.755913 7.052744 9.858624 12.629902 0.000000 0.000000 

iter_number: 1
21 22 1
0.000000 0.000000
11.271678 7.805381 7.627006 10.018713 4.654094 8.725241 6.771935 6.228632 7.840007 6.638791 8.908885 8.809948 3.289195 1.567850 4.588078 9.202143 11.849933 0.755913 7.052744 9.858624 12.629902 0.000000 0.000000 

iter_number: 1
21 22 1
0.000000 0.000000
11.271678 7.805381 7.627006 10.018713 4.654094 8.725241 6.771935 6.228632 7.840007 6.638791 8.908885 8.809948 3.289195 1.567850 4.588078 9.202143 11.849933 0.755913 7.052744 9.858624 12.629902 0.000000 0.000000 

iter_number: 1
21 22 1
0.000000 0.000000
11.271678 7.805381 7.627006 10.018713 4.654094 8.725241 6.771935 6.228632 7.840007 6.638791 8.908885 8.809948 3.289195 1.567850 4.588078 9.202143 11.849933 0.755913 7.052744 9.858624 12.629902 0.000000 0.000000 

iter_number: 1
21 22 1
0.000000 0.000000
11.271678 7.805381 7.627006 10.018713 4.654094 8.725241 6.771935 6.228632 7.840007 6.638791 8.908885 8.809948 3.289195 1.567850 4.588078 9.202143 11.849933 0.755913 7.052744 9.858624 12.629902 0.000000 0.000000 

iter_number: 1
21 22 1
0.000000 0.000000
11.271678 7.805381 7.627006 10.018713 4.654094 8.725241 6.771935 6.228632 7.840007 6.638791 8.908885 8.809948 3.289195 1.567850 4.588078 9.202143 11.849933 0.755913 7.052744 9.858624 12.629902 0.000000 0.000000 

iter_number: 1
21 22 1
0.000000 0.000000
11.271678 7.805381 7.627006 10.018713 4.654094 8.725241 6.771935 6.228632 7.840007 6.638791 8.908885 8.809948 3.289195 1.567850 4.588078 9.202143 11.849933 0.755913 7.052744 9.858624 12.629902 0.000000 0.000000 

iter_number: 1
21 22 1
0.000000 0.000000
11.271678 7.805381 7.627006 10.018713 4.654094 8.725241 6.771935 6.228632 7.840007 6.638791 8.908885 8.809948 3.289195 1.567850 4.588078 9.202143 11.849933 0.755913 7.052744 9.858624 12.629902 0.000000 0.000000 

iter_number: 1
21 22 1
0.000000 0.000000
11.271678 7.805381 7.627006 10.018713 4.654094 8.725241 6.771935 6.228632 7.840007 6.638791 8.908885 8.809948 3.289195 1.567850 4.588078 9.202143 11.849933 0.755913 7.052744 9.858624 12.629902 0.000000 0.000000 

iter_number: 1
21 22 1
0.000000 0.000000
11.271678 7.805381 7.627006 10.018713 4.654094 8.725241 6.771935 6.228632 7.840007 6.638791 8.908885 8.809948 3.289195 1.567850 4.588078 9.202143 11.849933 0.755913 7.052744 9.858624 12.629902 0.000000 0.000000 

iter_number: 1
21 22 1
0.000000 0.000000
11.271678 7.805381 7.627006 10.018713 4.654094 8.725241 6.771935 6.228632 7.840007 6.638791 8.908885 8.809948 3.289195 1.567850 4.588078 9.202143 11.849933 0.755913 7.052744 9.858624 12.629902 0.000000 0.000000 

iter_number: 1
21 22 1
0.000000 0.000000
11.271678 7.805381 7.627006 10.018713 4.654094 8.725241 6.771935 6.228632 7.840007 6.638791 8.908885 8.809948 3.289195 1.567850 4.588078 9.202143 11.849933 0.755913 7.052744 9.858624 12.629902 0.000000 0.000000 

iter_number: 1
21 22 1
0.000000 0.000000
11.271678 7.805381 7.627006 10.018713 4.654094 8.725241 6.771935 6.228632 7.840007 6.638791 8.908885 8.809948 3.289195 1.567850 4.588078 9.202143 11.849933 0.755913 7.052744 9.858624 12.629902 0.000000 0.000000 

iter_number: 1
21 22 1
0.000000 0.000000
11.271678 7.805381 7.627006 10.018713 4.654094 8.725241 6.771935 6.228632 7.840007 6.638791 8.908885 8.809948 3.289195 1.567850 4.588078 9.202143 11.849933 0.755913 7.052744 9.858624 12.629902 0.000000 0.000000 

iter_number: 1
21 22 1
0.000000 0.000000
11.271678 7.805381 7.627006 10.018713 4.654094 8.725241 6.771935 6.228632 7.840007 6.638791 8.908885 8.809948 3.289195 1.567850 4.588078 9.202143 11.849933 0.755913 7.052744 9.858624 12.629902 0.000000 0.000000 

iter_number: 1
21 22 1
0.000000 0.000000
11.271678 7.805381 7.627006 10.018713 4.654094 8.725241 6.771935 6.228632 7.840007 6.638791 8.908885 8.809948 3.289195 1.567850 4.588078 9.202143 11.849933 0.755913 7.052744 9.858624 12.629902 0.000000 0.000000 

iter_number: 1
21 22 1
0.000000 0.000000
11.271678 7.805381 7.627006 10.018713 4.654094 8.725241 6.771935 6.228632 7.840007 6.638791 8.908885 8.809948 3.289195 1.567850 4.588078 9.202143 11.849933 0.755913 7.052744 9.858624 12.629902 0.000000 0.000000 

iter_number: 1
21 22 1
0.000000 0.000000
11.271678 7.805381 7.627006 10.018713 4.654094 8.725241 6.771935 6.228632 7.840007 6.638791 8.908885 8.809948 3.289195 1.567850 4.588078 9.202143 11.849933 0.755913 7.052744 9.858624 12.629902 0.000000 0.000000 

iter_number: 1
21 22 1
0.000000 0.000000
11.271678 7.805381 7.627006 10.018713 4.654094 8.725241 6.771935 6.228632 7.840007 6.638791 8.908885 8.809948 3.289195 1.567850 4.588078 9.202143 11.849933 0.755913 7.052744 9.858624 12.629902 0.000000 0.000000 

iter_number: 1
21 22 1
0.000000 0.000000
11.271678 7.805381 7.627006 10.018713 4.654094 8.725241 6.771935 6.228632 7.840007 6.638791 8.908885 8.809948 3.289195 1.567850 4.588078 9.202143 11.849933 0.755913 7.052744 9.858624 12.629902 0.000000 0.000000 

iter_number: 1
21 22 1
0.000000 0.000000
11.271678 7.805381 7.627006 10.018713 4.654094 8.725241 6.771935 6.228632 7.840007 6.638791 8.908885 8.809948 3.289195 1.567850 4.588078 9.202143 11.849933 0.755913 7.052744 9.858624 12.629902 0.000000 0.000000 

iter_number: 1
21 22 1
0.000000 0.000000
11.271678 7.805381 7.627006 10.018713 4.654094 8.725241 6.771935 6.228632 7.840007 6.638791 8.908885 8.809948 3.289195 1.567850 4.588078 9.202143 11.849933 0.755913 7.052744 9.858624 12.629902 0.000000 0.000000 

iter_number: 1
21 22 1
0.000000 0.000000
11.271678 7.805381 7.627006 10.018713 4.654094 8.725241 6.771935 6.228632 7.840007 6.638791 8.908885 8.809948 3.289195 1.567850 4.588078 9.202143 11.849933 0.755913 7.052744 9.858624 12.629902 0.000000 0.000000 

iter_number: 1
21 22 1
0.000000 0.000000
11.271678 7.805381 7.627006 10.018713 4.654094 8.725241 6.771935 6.228632 7.840007 6.638791 8.908885 8.809948 3.289195 1.567850 4.588078 9.202143 11.849933 0.755913 7.052744 9.858624 12.629902 0.000000 0.000000 

iter_number: 1
21 22 1
0.000000 0.000000
11.271678 7.805381 7.627006 10.018713 4.654094 8.725241 6.771935 6.228632 7.840007 6.638791 8.908885 8.809948 3.289195 1.567850 4.588078 9.202143 11.849933 0.755913 7.052744 9.858624 12.629902 0.000000 0.000000 

iter_number: 1
21 22 1
0.000000 0.000000
11.271678 7.805381 7.627006 10.018713 4.654094 8.725241 6.771935 6.228632 7.840007 6.638791 8.908885 8.809948 3.289195 1.567850 4.588078 9.202143 11.849933 0.755913 7.052744 9.858624 12.629902 0.000000 0.000000 

iter_number: 1
21 22 1
0.000000 0.000000
11.271678 7.805381 7.627006 10.018713 4.654094 8.725241 6.771935 6.228632 7.840007 6.638791 8.908885 8.809948 3.289195 1.567850 4.588078 9.202143 11.849933 0.755913 7.052744 9.858624 12.629902 0.000000 0.000000 

iter_number: 1
21 22 1
0.000000 0.000000
11.271678 7.805381 7.627006 10.018713 4.654094 8.725241 6.771935 6.228632 7.840007 6.638791 8.908885 8.809948 3.289195 1.567850 4.588078 9.202143 11.849933 0.755913 7.052744 9.858624 12.629902 0.000000 0.000000 

iter_number: 1
21 22 1
0.000000 0.000000
11.271678 7.805381 7.627006 10.018713 4.654094 8.725241 6.771935 6.228632 7.840007 6.638791 8.908885 8.809948 3.289195 1.567850 4.588078 9.202143 11.849933 0.755913 7.052744 9.858624 12.629902 0.000000 0.000000 

iter_number: 1
21 22 1
0.000000 0.000000
11.271678 7.805381 7.627006 10.018713 4.654094 8.725241 6.771935 6.228632 7.840007 6.638791 8.908885 8.809948 3.289195 1.567850 4.588078 9.202143 11.849933 0.755913 7.052744 9.858624 12.629902 0.000000 0.000000 

iter_number: 1
21 22 1
0.000000 0.000000
11.271678 7.805381 7.627006 10.018713 4.654094 8.725241 6.771935 6.228632 7.840007 6.638791 8.908885 8.809948 3.289195 1.567850 4.588078 9.202143 11.849933 0.755913 7.052744 9.858624 12.629902 0.000000 0.000000 

iter_number: 1
21 22 1
0.000000 0.000000
11.271678 7.805381 7.627006 10.018713 4.654094 8.725241 6.771935 6.228632 7.840007 6.638791 8.908885 8.809948 3.289195 1.567850 4.588078 9.202143 11.849933 0.755913 7.052744 9.858624 12.629902 0.000000 0.000000 

iter_number: 1
21 22 1
0.000000 0.000000
11.271678 7.805381 7.627006 10.018713 4.654094 8.725241 6.771935 6.228632 7.840007 6.638791 8.908885 8.809948 3.289195 1.567850 4.588078 9.202143 11.849933 0.755913 7.052744 9.858624 12.629902 0.000000 0.000000 

iter_number: 1
21 22 1
0.000000 0.000000
11.271678 7.805381 7.627006 10.018713 4.654094 8.725241 6.771935 6.228632 7.840007 6.638791 8.908885 8.809948 3.289195 1.567850 4.588078 9.202143 11.849933 0.755913 7.052744 9.858624 12.629902 0.000000 0.000000 

iter_number: 1
21 22 1
0.000000 0.000000
11.271678 7.805381 7.627006 10.018713 4.654094 8.725241 6.771935 6.228632 7.840007 6.638791 8.908885 8.809948 3.289195 1.567850 4.588078 9.202143 11.849933 0.755913 7.052744 9.858624 12.629902 0.000000 0.000000 

iter_number: 1
21 22 1
0.000000 0.000000
11.271678 7.805381 7.627006 10.018713 4.654094 8.725241 6.771935 6.228632 7.840007 6.638791 8.908885 8.809948 3.289195 1.567850 4.588078 9.202143 11.849933 0.755913 7.052744 9.858624 12.629902 0.000000 0.000000 

iter_number: 1
21 22 1
0.000000 0.000000
11.271678 7.805381 7.627006 10.018713 4.654094 8.725241 6.771935 6.228632 7.840007 6.638791 8.908885 8.809948 3.289195 1.567850 4.588078 9.202143 11.849933 0.755913 7.052744 9.858624 12.629902 0.000000 0.000000 

iter_number: 1
21 22 1
0.000000 0.000000
11.271678 7.805381 7.627006 10.018713 4.654094 8.725241 6.771935 6.228632 7.840007 6.638791 8.908885 8.809948 3.289195 1.567850 4.588078 9.202143 11.849933 0.755913 7.052744 9.858624 12.629902 0.000000 0.000000 

iter_number: 1
21 22 1
0.000000 0.000000
11.271678 7.805381 7.627006 10.018713 4.654094 8.725241 6.771935 6.228632 7.840007 6.638791 8.908885 8.809948 3.289195 1.567850 4.588078 9.202143 11.849933 0.755913 7.052744 9.858624 12.629902 0.000000 0.000000 

iter_number: 1
21 22 1
0.000000 0.000000
11.271678 7.805381 7.627006 10.018713 4.654094 8.725241 6.771935 6.228632 7.840007 6.638791 8.908885 8.809948 3.289195 1.567850 4.588078 9.202143 11.849933 0.755913 7.052744 9.858624 12.629902 0.000000 0.000000 

iter_number: 1
21 22 1
0.000000 0.000000
11.271678 7.805381 7.627006 10.018713 4.654094 8.725241 6.771935 6.228632 7.840007 6.638791 8.908885 8.809948 3.289195 1.567850 4.588078 9.202143 11.849933 0.755913 7.052744 9.858624 12.629902 0.000000 0.000000 

iter_number: 1
21 22 1
0.000000 0.000000
11.271678 7.805381 7.627006 10.018713 4.654094 8.725241 6.771935 6.228632 7.840007 6.638791 8.908885 8.809948 3.289195 1.567850 4.588078 9.202143 11.849933 0.755913 7.052744 9.858624 12.629902 0.000000 0.000000 

iter_number: 1
22 21 1
0.000000 0.544405
11.271678 7.805381 7.627006 10.018713 4.654094 8.725241 6.771935 6.228632 7.840007 6.638791 8.908885 8.809948 3.289195 1.567850 4.588078 9.202143 11.849933 0.755913 7.052744 9.858624 12.629902 0.544405 0.000000 

iter_number: 2
21 17 1
0.544405 0.755913
11.271678 7.805381 7.627006 10.018713 4.654094 8.725241 6.771935 6.228632 7.840007 6.638791 8.908885 8.809948 3.289195 1.567850 4.588078 9.202143 11.849933 0.755913 7.052744 9.858624 12.629902 0.544405 3.528213 

iter_number: 2
21 17 1
0.544405 0.755913
11.728416 7.805381 7.627006 10.018713 4.654094 8.725241 6.771935 6.228632 7.840007 6.638791 8.908885 8.809948 3.289195 1.567850 4.588078 9.202143 11.849933 0.755913 7.052744 9.858624 12.629902 0.544405 3.528213 

iter_number: 2
21 17 1
0.544405 0.755913
11.728416 7.805381 7.627006 10.018713 4.654094 8.725241 6.771935 6.228632 7.840007 6.638791 8.908885 8.809948 3.289195 1.567850 4.588078 9.202143 11.849933 0.755913 7.052744 9.858624 12.629902 0.544405 3.528213 

iter_number: 2
21 17 1
0.544405 0.755913
11.728416 7.805381 7.627006 10.018713 4.654094 8.725241 6.771935 6.228632 7.840007 6.638791 8.908885 8.809948 3.289195 1.567850 4.588078 9.202143 11.849933 0.755913 7.052744 9.858624 12.629902 0.544405 3.528213 

iter_number: 2
21 17 1
0.544405 0.755913
11.728416 7.650599 7.627006 10.018713 4.654094 8.725241 6.771935 6.228632 7.840007 6.638791 8.908885 8.809948 3.289195 1.567850 4.588078 9.202143 11.849933 0.755913 7.052744 9.858624 12.629902 0.544405 3.528213 

iter_number: 2
21 17 1
0.544405 0.755913
11.728416 7.650599 9.366893 10.018713 4.654094 8.725241 6.771935 6.228632 7.840007 6.638791 8.908885 8.809948 3.289195 1.567850 4.588078 9.202143 11.849933 0.755913 7.052744 9.858624 12.629902 0.544405 3.528213 

iter_number: 2
21 17 1
0.544405 0.755913
11.728416 7.650599 9.366893 10.018713 4.654094 8.725241 6.771935 6.228632 7.840007 6.638791 8.908885 8.809948 3.289195 1.567850 4.588078 9.202143 11.849933 0.755913 7.052744 9.858624 12.629902 0.544405 3.528213 

iter_number: 2
21 17 1
0.544405 0.755913
11.728416 7.650599 9.366893 8.829042 4.654094 8.725241 6.771935 6.228632 7.840007 6.638791 8.908885 8.809948 3.289195 1.567850 4.588078 9.202143 11.849933 0.755913 7.052744 9.858624 12.629902 0.544405 3.528213 

iter_number: 2
21 17 1
0.544405 0.755913
11.728416 7.650599 9.366893 8.829042 4.654094 8.725241 6.771935 6.228632 7.840007 6.638791 8.908885 8.809948 3.289195 1.567850 4.588078 9.202143 11.849933 0.755913 7.052744 9.858624 12.629902 0.544405 3.528213 

iter_number: 2
21 17 1
0.544405 0.755913
11.728416 7.650599 9.366893 8.829042 4.697969 8.725241 6.771935 6.228632 7.840007 6.638791 8.908885 8.809948 3.289195 1.567850 4.588078 9.202143 11.849933 0.755913 7.052744 9.858624 12.629902 0.544405 3.528213 

iter_number: 2
21 17 1
0.544405 0.755913
11.728416 7.650599 9.366893 8.829042 4.697969 8.725241 6.771935 6.228632 7.840007 6.638791 8.908885 8.809948 3.289195 1.567850 4.588078 9.202143 11.849933 0.755913 7.052744 9.858624 12.629902 0.544405 3.528213 

iter_number: 2
21 17 1
0.544405 0.755913
11.728416 7.650599 9.366893 8.829042 4.697969 8.725241 6.771935 6.228632 7.840007 6.638791 8.908885 8.809948 3.289195 1.567850 4.588078 9.202143 11.849933 0.755913 7.052744 9.858624 12.629902 0.544405 3.528213 

iter_number: 2
21 17 1
0.544405 0.755913
11.728416 7.650599 9.366893 8.829042 4.697969 7.788757 6.771935 6.228632 7.840007 6.638791 8.908885 8.809948 3.289195 1.567850 4.588078 9.202143 11.849933 0.755913 7.052744 9.858624 12.629902 0.544405 3.528213 

iter_number: 2
21 17 1
0.544405 0.755913
11.728416 7.650599 9.366893 8.829042 4.697969 7.788757 6.771935 6.228632 7.840007 6.638791 8.908885 8.809948 3.289195 1.567850 4.588078 9.202143 11.849933 0.755913 7.052744 9.858624 12.629902 0.544405 3.528213 

iter_number: 2
21 17 1
0.544405 0.755913
11.728416 7.650599 9.366893 8.829042 4.697969 7.788757 6.454143 6.228632 7.840007 6.638791 8.908885 8.809948 3.289195 1.567850 4.588078 9.202143 11.849933 0.755913 7.052744 9.858624 12.629902 0.544405 3.528213 

iter_number: 2
21 17 1
0.544405 0.755913
11.728416 7.650599 9.366893 8.829042 4.697969 7.788757 6.454143 6.228632 7.840007 6.638791 8.908885 8.809948 3.289195 1.567850 4.588078 9.202143 11.849933 0.755913 7.052744 9.858624 12.629902 0.544405 3.528213 

iter_number: 2
21 17 1
0.544405 0.755913
11.728416 7.650599 9.366893 8.829042 4.697969 7.788757 6.454143 5.623921 7.840007 6.638791 8.908885 8.809948 3.289195 1.567850 4.588078 9.202143 11.849933 0.755913 7.052744 9.858624 12.629902 0.544405 3.528213 

iter_number: 2
21 17 1
0.544405 0.755913
11.728416 7.650599 9.366893 8.829042 4.697969 7.788757 6.454143 5.623921 7.840007 6.638791 8.908885 8.809948 3.289195 1.567850 4.588078 9.202143 11.849933 0.755913 7.052744 9.858624 12.629902 0.544405 3.528213 

iter_number: 2
21 17 1
0.544405 0.755913
11.728416 7.650599 9.366893 8.829042 4.697969 7.788757 6.454143 5.623921 7.840007 6.638791 8.908885 8.809948 3.289195 1.567850 4.588078 9.202143 11.849933 0.755913 7.052744 9.858624 12.629902 0.544405 3.528213 

iter_number: 2
21 17 1
0.544405 0.755913
11.728416 7.650599 9.366893 8.829042 4.697969 7.788757 6.454143 5.623921 8.051562 6.638791 8.908885 8.809948 3.289195 1.567850 4.588078 9.202143 11.849933 0.755913 7.052744 9.858624 12.629902 0.544405 3.528213 

iter_number: 2
21 17 1
0.544405 0.755913
11.728416 7.650599 9.366893 8.829042 4.697969 7.788757 6.454143 5.623921 8.051562 6.638791 8.908885 8.809948 3.289195 1.567850 4.588078 9.202143 11.849933 0.755913 7.052744 9.858624 12.629902 0.544405 3.528213 

iter_number: 2
21 17 1
0.544405 0.755913
11.728416 7.650599 9.366893 8.829042 4.697969 7.788757 6.454143 5.623921 8.051562 6.638791 8.908885 8.809948 3.289195 1.567850 4.588078 9.202143 11.849933 0.755913 7.052744 9.858624 12.629902 0.544405 3.528213 

iter_number: 2
21 17 1
0.544405 0.755913
11.728416 7.650599 9.366893 8.829042 4.697969 7.788757 6.454143 5.623921 8.051562 6.638791 8.908885 8.809948 3.289195 1.567850 4.588078 9.202143 11.849933 0.755913 7.052744 9.858624 12.629902 0.544405 3.528213 

iter_number: 2
21 17 1
0.544405 0.755913
11.728416 7.650599 9.366893 8.829042 4.697969 7.788757 6.454143 5.623921 8.051562 6.638791 8.908885 8.809948 3.289195 1.567850 4.588078 9.202143 11.849933 0.755913 7.052744 9.858624 12.629902 0.544405 3.528213 

iter_number: 2
21 17 1
0.544405 0.755913
11.728416 7.650599 9.366893 8.829042 4.697969 7.788757 6.454143 5.623921 8.051562 6.638791 8.908885 8.809948 3.289195 1.567850 4.588078 9.202143 11.849933 0.755913 7.052744 9.858624 12.629902 0.544405 3.528213 

iter_number: 2
21 17 1
0.544405 0.755913
11.728416 7.650599 9.366893 8.829042 4.697969 7.788757 6.454143 5.623921 8.051562 7.822679 8.908885 8.809948 3.289195 1.567850 4.588078 9.202143 11.849933 0.755913 7.052744 9.858624 12.629902 0.544405 3.528213 

iter_number: 2
21 17 1
0.544405 0.755913
11.728416 7.650599 9.366893 8.829042 4.697969 7.788757 6.454143 5.623921 8.051562 7.822679 8.908885 8.809948 3.289195 1.567850 4.588078 9.202143 11.849933 0.755913 7.052744 9.858624 12.629902 0.544405 3.528213 

iter_number: 2
21 17 1
0.544405 0.755913
11.728416 7.650599 9.366893 8.829042 4.697969 7.788757 6.454143 5.623921 8.051562 7.822679 8.908885 8.809948 3.289195 1.567850 4.588078 9.202143 11.849933 0.755913 7.052744 9.858624 12.629902 0.544405 3.528213 

iter_number: 2
21 17 1
0.544405 0.755913
11.728416 7.650599 9.366893 8.829042 4.697969 7.788757 6.454143 5.623921 8.051562 7.822679 8.387344 8.809948 3.289195 1.567850 4.588078 9.202143 11.849933 0.755913 7.052744 9.858624 12.629902 0.544405 3.528213 

iter_number: 2
21 17 1
0.544405 0.755913
11.728416 7.650599 9.366893 8.829042 4.697969 7.788757 6.454143 5.623921 8.051562 7.822679 8.387344 8.809948 3.289195 1.567850 4.588078 9.202143 11.849933 0.755913 7.052744 9.858624 12.629902 0.544405 3.528213 

iter_number: 2
21 17 1
0.544405 0.755913
11.728416 7.650599 9.366893 8.829042 4.697969 7.788757 6.454143 5.623921 8.051562 7.822679 8.387344 8.809948 3.289195 1.567850 4.588078 9.202143 11.849933 0.755913 7.052744 9.858624 12.629902 0.544405 3.528213 

iter_number: 2
21 17 1
0.544405 0.755913
11.728416 7.650599 9.366893 8.829042 4.697969 7.788757 6.454143 5.623921 8.051562 7.822679 8.387344 8.490195 3.289195 1.567850 4.588078 9.202143 11.849933 0.755913 7.052744 9.858624 12.629902 0.544405 3.528213 

iter_number: 2
21 17 1
0.544405 0.755913
11.728416 7.650599 9.366893 8.829042 4.697969 7.788757 6.454143 5.623921 8.051562 7.822679 8.387344 8.490195 3.289195 1.567850 4.588078 9.202143 11.849933 0.755913 7.052744 9.858624 12.629902 0.544405 3.528213 

iter_number: 2
21 17 1
0.544405 0.755913
11.728416 7.650599 9.366893 8.829042 4.697969 7.788757 6.454143 5.623921 8.051562 7.822679 8.387344 8.490195 3.289195 1.567850 4.588078 9.202143 11.849933 0.755913 7.052744 9.858624 12.629902 0.544405 3.528213 

iter_number: 2
21 17 1
0.544405 0.755913
11.728416 7.650599 9.366893 8.829042 4.697969 7.788757 6.454143 5.623921 8.051562 7.822679 8.387344 8.490195 3.289195 1.567850 4.588078 9.202143 11.849933 0.755913 7.052744 9.858624 12.629902 0.544405 3.528213 

iter_number: 2
21 17 1
0.544405 0.755913
11.728416 7.650599 9.366893 8.829042 4.697969 7.788757 6.454143 5.623921 8.051562 7.822679 8.387344 8.490195 2.993618 1.567850 4.588078 9.202143 11.849933 0.755913 7.052744 9.858624 12.629902 0.544405 3.528213 

iter_number: 2
21 17 1
0.544405 0.755913
11.728416 7.650599 9.366893 8.829042 4.697969 7.788757 6.454143 5.623921 8.051562 7.822679 8.387344 8.490195 2.993618 1.567850 4.588078 9.202143 11.849933 0.755913 7.052744 9.858624 12.629902 0.544405 3.528213 

iter_number: 2
21 17 1
0.544405 0.755913
11.728416 7.650599 9.366893 8.829042 4.697969 7.788757 6.454143 5.623921 8.051562 7.822679 8.387344 8.490195 2.993618 1.567850 4.588078 9.202143 11.849933 0.755913 7.052744 9.858624 12.629902 0.544405 3.528213 

iter_number: 2
21 17 1
0.544405 0.755913
11.728416 7.650599 9.366893 8.829042 4.697969 7.788757 6.454143 5.623921 8.051562 7.822679 8.387344 8.490195 2.993618 1.567850 4.588078 9.202143 11.849933 0.755913 7.052744 9.858624 12.629902 0.544405 3.528213 

iter_number: 2
21 17 1
0.544405 0.755913
11.728416 7.650599 9.366893 8.829042 4.697969 7.788757 6.454143 5.623921 8.051562 7.822679 8.387344 8.490195 2.993618 1.567850 4.588078 9.202143 11.849933 0.755913 7.052744 9.858624 12.629902 0.544405 3.528213 

iter_number: 2
21 17 1
0.544405 0.755913
11.728416 7.650599 9.366893 8.829042 4.697969 7.788757 6.454143 5.623921 8.051562 7.822679 8.387344 8.490195 2.993618 1.567850 4.588078 9.202143 11.849933 0.755913 7.052744 9.858624 12.629902 0.544405 3.528213 

iter_number: 2
21 17 1
0.544405 0.755913
11.728416 7.650599 9.366893 8.829042 4.697969 7.788757 6.454143 5.623921 8.051562 7.822679 8.387344 8.490195 2.993618 1.122804 4.588078 9.202143 11.849933 0.755913 7.052744 9.858624 12.629902 0.544405 3.528213 

iter_number: 2
21 17 1
0.544405 0.755913
11.728416 7.650599 9.366893 8.829042 4.697969 7.788757 6.454143 5.623921 8.051562 7.822679 8.387344 8.490195 2.993618 1.122804 4.588078 9.202143 11.849933 0.755913 7.052744 9.858624 12.629902 0.544405 3.528213 

iter_number: 2
21 17 1
0.544405 0.755913
11.728416 7.650599 9.366893 8.829042 4.697969 7.788757 6.454143 5.623921 8.051562 7.822679 8.387344 8.490195 2.993618 1.122804 4.775342 9.202143 11.849933 0.755913 7.052744 9.858624 12.629902 0.544405 3.528213 

iter_number: 2
21 17 1
0.544405 0.755913
11.728416 7.650599 9.366893 8.829042 4.697969 7.788757 6.454143 5.623921 8.051562 7.822679 8.387344 8.490195 2.993618 1.122804 4.775342 9.202143 11.849933 0.755913 7.052744 9.858624 12.629902 0.544405 3.528213 

iter_number: 2
21 17 1
0.544405 0.755913
11.728416 7.650599 9.366893 8.829042 4.697969 7.788757 6.454143 5.623921 8.051562 7.822679 8.387344 8.490195 2.993618 1.122804 4.775342 9.202143 11.849933 0.755913 7.052744 9.858624 12.629902 0.544405 3.528213 

iter_number: 2
21 17 1
0.544405 0.755913
11.728416 7.650599 9.366893 8.829042 4.697969 7.788757 6.454143 5.623921 8.051562 7.822679 8.387344 8.490195 2.993618 1.122804 4.775342 9.987917 11.849933 0.755913 7.052744 9.858624 12.629902 0.544405 3.528213 

iter_number: 2
21 17 1
0.544405 0.755913
11.728416 7.650599 9.366893 8.829042 4.697969 7.788757 6.454143 5.623921 8.051562 7.822679 8.387344 8.490195 2.993618 1.122804 4.775342 9.987917 11.849933 0.755913 7.052744 9.858624 12.629902 0.544405 3.528213 

iter_number: 2
21 17 1
0.544405 0.755913
11.728416 7.650599 9.366893 8.829042 4.697969 7.788757 6.454143 5.623921 8.051562 7.822679 8.387344 8.490195 2.993618 1.122804 4.775342 9.987917 11.849933 0.755913 7.052744 9.858624 12.629902 0.544405 3.528213 

iter_number: 2
21 17 1
0.544405 0.755913
11.728416 7.650599 9.366893 8.829042 4.697969 7.788757 6.454143 5.623921 8.051562 7.822679 8.387344 8.490195 2.993618 1.122804 4.775342 9.987917 11.849933 0.755913 7.052744 9.858624 12.629902 0.544405 3.528213 

iter_number: 2
21 17 1
0.544405 0.755913
11.728416 7.650599 9.366893 8.829042 4.697969 7.788757 6.454143 5.623921 8.051562 7.822679 8.387344 8.490195 2.993618 1.122804 4.775342 9.987917 11.849933 0.755913 7.052744 9.858624 12.629902 0.544405 3.528213 

iter_number: 2
21 17 1
0.544405 0.755913
11.728416 7.650599 9.366893 8.829042 4.697969 7.788757 6.454143 5.623921 8.051562 7.822679 8.387344 8.490195 2.993618 1.122804 4.775342 9.987917 11.849933 0.755913 7.052744 9.858624 12.629902 0.544405 3.528213 

iter_number: 2
21 17 1
0.544405 0.755913
11.728416 7.650599 9.366893 8.829042 4.697969 7.788757 6.454143 5.623921 8.051562 7.822679 8.387344 8.490195 2.993618 1.122804 4.775342 9.987917 11.849933 0.755913 7.052744 9.858624 12.629902 0.544405 3.528213 

iter_number: 2
21 17 1
0.544405 0.755913
11.728416 7.650599 9.366893 8.829042 4.697969 7.788757 6.454143 5.623921 8.051562 7.822679 8.387344 8.490195 2.993618 1.122804 4.775342 9.987917 11.750965 0.755913 7.052744 9.858624 12.629902 0.544405 3.528213 

iter_number: 2
21 17 1
0.544405 0.842861
11.728416 7.650599 9.366893 8.829042 4.697969 7.788757 6.454143 5.623921 8.051562 7.822679 8.387344 8.490195 2.993618 1.122804 4.775342 9.987917 11.750965 0.842861 7.052744 9.858624 12.629902 0.544405 3.528213 

iter_number: 2
21 17 1
0.544405 0.842861
11.728416 7.650599 9.366893 8.829042 4.697969 7.788757 6.454143 5.623921 8.051562 7.822679 8.387344 8.490195 2.993618 1.122804 4.775342 9.987917 11.750965 0.842861 7.052744 9.858624 12.629902 0.544405 3.528213 

iter_number: 2
21 17 1
0.544405 0.842861
11.728416 7.650599 9.366893 8.829042 4.697969 7.788757 6.454143 5.623921 8.051562 7.822679 8.387344 8.490195 2.993618 1.122804 4.775342 9.987917 11.750965 0.842861 7.052744 9.858624 12.629902 0.544405 3.528213 

iter_number: 2
21 17 1
0.544405 0.842861
11.728416 7.650599 9.366893 8.829042 4.697969 7.788757 6.454143 5.623921 8.051562 7.822679 8.387344 8.490195 2.993618 1.122804 4.775342 9.987917 11.750965 0.842861 7.052744 9.858624 12.629902 0.544405 3.528213 

iter_number: 2
21 17 1
0.544405 0.842861
11.728416 7.650599 9.366893 8.829042 4.697969 7.788757 6.454143 5.623921 8.051562 7.822679 8.387344 8.490195 2.993618 1.122804 4.775342 9.987917 11.750965 0.842861 7.052744 9.858624 12.629902 0.544405 3.528213 

iter_number: 2
21 17 1
0.544405 0.842861
11.728416 7.650599 9.366893 8.829042 4.697969 7.788757 6.454143 5.623921 8.051562 7.822679 8.387344 8.490195 2.993618 1.122804 4.775342 9.987917 11.750965 0.842861 7.052744 9.858624 12.629902 0.544405 3.528213 

iter_number: 2
21 17 1
0.544405 0.842861
11.728416 7.650599 9.366893 8.829042 4.697969 7.788757 6.454143 5.623921 8.051562 7.822679 8.387344 8.490195 2.993618 1.122804 4.775342 9.987917 11.750965 0.842861 9.107409 9.858624 12.629902 0.544405 3.528213 

iter_number: 2
21 17 1
0.544405 0.842861
11.728416 7.650599 9.366893 8.829042 4.697969 7.788757 6.454143 5.623921 8.051562 7.822679 8.387344 8.490195 2.993618 1.122804 4.775342 9.987917 11.750965 0.842861 9.107409 9.858624 12.629902 0.544405 3.528213 

iter_number: 2
21 17 1
0.544405 0.842861
11.728416 7.650599 9.366893 8.829042 4.697969 7.788757 6.454143 5.623921 8.051562 7.822679 8.387344 8.490195 2.993618 1.122804 4.775342 9.987917 11.750965 0.842861 9.107409 9.858624 12.629902 0.544405 3.528213 

iter_number: 2
21 17 1
0.544405 0.842861
11.728416 7.650599 9.366893 8.829042 4.697969 7.788757 6.454143 5.623921 8.051562 7.822679 8.387344 8.490195 2.993618 1.122804 4.775342 9.987917 11.750965 0.842861 9.107409 9.858624 12.629902 0.544405 3.528213 

iter_number: 2
21 17 1
0.544405 0.842861
11.728416 7.650599 9.366893 8.829042 4.697969 7.788757 6.454143 5.623921 8.051562 7.822679 8.387344 8.490195 2.993618 1.122804 4.775342 9.987917 11.750965 0.842861 9.107409 9.858624 12.629902 0.544405 3.528213 

iter_number: 2
21 17 1
0.544405 0.842861
11.728416 7.650599 9.366893 8.829042 4.697969 7.788757 6.454143 5.623921 8.051562 7.822679 8.387344 8.490195 2.993618 1.122804 4.775342 9.987917 11.750965 0.842861 9.107409 10.808120 12.629902 0.544405 3.528213 

iter_number: 2
21 17 1
0.544405 0.842861
11.728416 7.650599 9.366893 8.829042 4.697969 7.788757 6.454143 5.623921 8.051562 7.822679 8.387344 8.490195 2.993618 1.122804 4.775342 9.987917 11.750965 0.842861 9.107409 10.808120 12.629902 0.544405 3.528213 

iter_number: 2
21 17 1
0.544405 0.842861
11.728416 7.650599 9.366893 8.829042 4.697969 7.788757 6.454143 5.623921 8.051562 7.822679 8.387344 8.490195 2.993618 1.122804 4.775342 9.987917 11.750965 0.842861 9.107409 10.808120 12.842878 0.544405 3.528213 

iter_number: 2
21 17 1
0.536218 0.842861
11.728416 7.650599 9.366893 8.829042 4.697969 7.788757 6.454143 5.623921 8.051562 7.822679 8.387344 8.490195 2.993618 1.122804 4.775342 9.987917 11.750965 0.842861 9.107409 10.808120 12.842878 0.536218 3.528213 

11.728416 7.650599 9.366893 8.829042 4.697969 7.788757 5.694169 5.623921 8.051562 7.822679 8.387344 8.490195 2.993618 1.089389 4.775342 9.987917 11.750965 0.842861 8.632751 10.808120 12.842878 2.071145 3.528213 

