504 252
3 6
3 3 3 3 3 3 3 3 3 3 3 3 3 3 3 3 3 3 3 3 3 3 3 3 3 3 3 3 3 3 3 3 3 3 3 3 3 3 3 3 3 3 3 3 3 3 3 3 3 3 3 3 3 3 3 3 3 3 3 3 3 3 3 3 3 3 3 3 3 3 3 3 3 3 3 3 3 3 3 3 3 3 3 3 3 3 3 3 3 3 3 3 3 3 3 3 3 3 3 3 3 3 3 3 3 3 3 3 3 3 3 3 3 3 3 3 3 3 3 3 3 3 3 3 3 3 3 3 3 3 3 3 3 3 3 3 3 3 3 3 3 3 3 3 3 3 3 3 3 3 3 3 3 3 3 3 3 3 3 3 3 3 3 3 3 3 3 3 3 3 3 3 3 3 3 3 3 3 3 3 3 3 3 3 3 3 3 3 3 3 3 3 3 3 3 3 3 3 3 3 3 3 3 3 3 3 3 3 3 3 3 3 3 3 3 3 3 3 3 3 3 3 3 3 3 3 3 3 3 3 3 3 3 3 3 3 3 3 3 3 3 3 3 3 3 3 3 3 3 3 3 3 3 3 3 3 3 3 3 3 3 3 3 3 3 3 3 3 3 3 3 3 3 3 3 3 3 3 3 3 3 3 3 3 3 3 3 3 3 3 3 3 3 3 3 3 3 3 3 3 3 3 3 3 3 3 3 3 3 3 3 3 3 3 3 3 3 3 3 3 3 3 3 3 3 3 3 3 3 3 3 3 3 3 3 3 3 3 3 3 3 3 3 3 3 3 3 3 3 3 3 3 3 3 3 3 3 3 3 3 3 3 3 3 3 3 3 3 3 3 3 3 3 3 3 3 3 3 3 3 3 3 3 3 3 3 3 3 3 3 3 3 3 3 3 3 3 3 3 3 3 3 3 3 3 3 3 3 3 3 3 3 3 3 3 3 3 3 3 3 3 3 3 3 3 3 3 3 3 3 3 3 3 3 3 3 3 3 3 3 3 3 3 3 3 3 3 3 3 3 3 3 3 3 3 3 3 3 3 3 3 3 3 3 3 3 3 3 3 3 3 3 3 3 3 3 3 3 3 3 3 3 3 3 3 3 3 3 3 3 3 3 3 3 3 3 3 3 3 3 3 3 3 3 
6 6 6 6 6 6 6 6 6 6 6 6 6 6 6 6 6 6 6 6 6 6 6 6 6 6 6 6 6 6 6 6 6 6 6 6 6 6 6 6 6 6 6 6 6 6 6 6 6 6 6 6 6 6 6 6 6 6 6 6 6 6 6 6 6 6 6 6 6 6 6 6 6 6 6 6 6 6 6 6 6 6 6 6 6 6 6 6 6 6 6 6 6 6 6 6 6 6 6 6 6 6 6 6 6 6 6 6 6 6 6 6 6 6 6 6 6 6 6 6 6 6 6 6 6 6 6 6 6 6 6 6 6 6 6 6 6 6 6 6 6 6 6 6 6 6 6 6 6 6 6 6 6 6 6 6 6 6 6 6 6 6 6 6 6 6 6 6 6 6 6 6 6 6 6 6 6 6 6 6 6 6 6 6 6 6 6 6 6 6 6 6 6 6 6 6 6 6 6 6 6 6 6 6 6 6 6 6 6 6 6 6 6 6 6 6 6 6 6 6 6 6 6 6 6 6 6 6 6 6 6 6 6 6 6 6 6 6 6 6 6 6 6 6 6 6 6 6 6 6 6 6 
31 51 192 
136 200 210 
16 124 207 
13 115 142 
83 86 138 
43 109 121 
34 60 94 
96 99 154 
167 170 188 
37 139 245 
10 78 214 
137 180 239 
29 182 224 
40 98 140 
52 90 179 
123 149 242 
8 48 216 
126 141 243 
45 46 98 
3 99 174 
67 72 118 
105 146 163 
29 52 111 
53 169 236 
204 205 217 
70 106 205 
142 198 233 
44 80 219 
151 188 233 
157 211 230 
31 103 202 
6 56 188 
6 157 189 
115 135 227 
146 234 246 
17 103 207 
75 79 124 
154 219 224 
38 139 242 
49 82 201 
46 135 146 
203 209 211 
63 74 226 
12 183 247 
101 127 233 
12 77 223 
34 80 153 
156 185 197 
6 155 229 
32 105 199 
59 122 149 
70 114 234 
102 118 228 
3 117 252 
11 87 128 
23 42 55 
62 89 129 
81 211 248 
72 133 221 
89 145 158 
9 175 197 
1 57 251 
92 163 243 
64 69 235 
121 176 217 
24 86 147 
173 179 192 
220 222 231 
82 90 156 
38 110 216 
11 177 250 
18 173 215 
42 184 243 
27 87 119 
186 199 227 
28 31 223 
4 14 221 
3 101 195 
112 157 236 
5 22 239 
53 118 134 
21 100 249 
47 228 239 
4 70 167 
92 203 246 
44 53 203 
35 143 176 
58 73 141 
95 160 191 
15 18 46 
13 20 67 
106 119 242 
25 107 174 
78 104 167 
97 114 145 
108 114 191 
15 58 178 
111 116 163 
135 217 220 
96 145 152 
51 79 150 
2 20 199 
19 40 65 
26 159 169 
156 166 221 
61 194 219 
76 91 108 
131 147 191 
83 160 185 
11 39 178 
7 22 209 
84 112 241 
34 128 182 
40 222 232 
45 97 125 
153 159 183 
41 78 193 
30 151 232 
32 120 159 
21 197 230 
85 171 179 
113 121 150 
37 89 213 
111 201 237 
1 74 172 
94 107 133 
165 190 241 
18 24 204 
19 88 164 
32 61 173 
50 216 218 
1 131 208 
60 127 240 
63 155 236 
30 174 231 
69 126 152 
95 161 208 
104 228 241 
58 180 181 
8 120 245 
76 94 231 
43 81 153 
55 170 196 
42 155 238 
36 75 237 
57 88 123 
150 227 235 
129 214 248 
65 166 247 
30 57 218 
71 212 240 
106 195 250 
108 130 165 
115 171 249 
77 187 213 
15 26 194 
14 103 200 
27 141 215 
27 35 187 
16 229 245 
164 202 244 
101 168 229 
20 71 79 
93 107 185 
64 97 181 
8 104 218 
2 136 195 
33 133 223 
41 144 209 
73 116 238 
37 68 162 
61 76 123 
142 210 251 
110 113 125 
170 181 186 
13 96 138 
51 147 220 
56 134 140 
14 117 144 
66 125 193 
132 171 230 
54 183 201 
21 73 226 
59 98 186 
56 86 116 
36 62 196 
131 137 212 
47 62 206 
74 81 252 
28 49 88 
38 68 95 
17 117 161 
126 168 198 
2 139 246 
175 184 250 
90 102 134 
127 128 190 
64 112 136 
93 109 215 
71 99 144 
85 162 194 
47 54 251 
72 184 187 
19 162 198 
39 119 158 
5 24 213 
49 75 177 
158 160 214 
68 100 105 
113 205 206 
39 83 168 
35 41 190 
67 82 120 
175 196 225 
124 193 237 
23 177 249 
7 110 148 
9 33 225 
50 202 235 
60 84 91 
26 54 87 
77 132 176 
29 44 100 
22 52 138 
25 102 244 
91 178 212 
140 210 248 
5 148 240 
10 55 206 
10 25 232 
4 189 207 
130 200 247 
9 16 164 
182 208 222 
7 66 172 
48 85 154 
36 165 234 
12 132 151 
63 148 169 
43 66 252 
28 149 161 
23 65 129 
50 109 143 
69 92 225 
130 166 238 
17 143 244 
84 122 224 
45 137 204 
33 48 59 
80 93 192 
152 180 226 
122 172 189 
38 123 175 
82 102 227 
18 124 252 
126 129 139 
34 101 104 
14 211 217 
46 63 123 
66 228 249 
161 197 225 
8 29 141 
11 150 223 
84 93 201 
134 141 167 
51 77 126 
6 35 242 
106 200 222 
176 177 213 
85 165 187 
30 33 243 
174 192 232 
48 82 195 
94 169 230 
84 131 144 
2 63 219 
36 42 60 
95 196 213 
30 105 111 
37 195 244 
10 104 181 
216 217 233 
69 135 247 
48 49 189 
24 146 229 
25 202 212 
79 228 232 
54 126 220 
1 60 154 
34 58 84 
92 198 209 
106 190 217 
37 90 240 
38 212 227 
26 168 184 
3 35 200 
92 98 120 
81 125 156 
61 133 141 
20 118 128 
120 165 166 
140 172 250 
97 113 237 
103 127 198 
12 110 235 
54 199 236 
72 112 155 
148 203 236 
14 52 166 
77 114 134 
68 76 112 
4 158 243 
31 210 239 
193 207 208 
109 148 234 
56 138 243 
44 121 225 
13 127 244 
22 108 152 
36 55 87 
162 170 230 
46 56 176 
49 122 163 
41 75 117 
142 180 229 
2 38 96 
19 95 245 
44 71 177 
79 115 119 
42 140 167 
4 125 251 
115 162 231 
77 86 90 
14 57 118 
119 199 218 
98 116 138 
7 21 152 
13 65 145 
19 53 171 
39 169 215 
1 129 188 
24 188 214 
193 209 252 
21 159 201 
199 207 238 
78 169 219 
136 157 174 
9 125 222 
80 94 130 
8 28 224 
18 175 245 
7 182 248 
1 117 221 
55 107 246 
68 208 223 
113 153 180 
52 105 109 
45 67 179 
117 120 145 
81 128 209 
34 137 142 
96 128 200 
57 67 122 
10 53 194 
48 57 74 
5 39 59 
87 146 205 
91 183 185 
112 229 230 
2 23 69 
65 75 181 
41 148 221 
23 74 134 
33 116 233 
68 79 188 
55 60 97 
27 189 216 
17 32 113 
44 207 239 
18 198 248 
86 206 246 
156 172 220 
98 114 222 
3 27 160 
40 114 196 
66 135 206 
7 61 251 
17 158 184 
26 203 241 
76 78 195 
156 161 249 
228 237 247 
70 136 185 
133 151 170 
73 176 192 
88 147 171 
81 105 147 
83 151 189 
20 202 211 
11 62 83 
33 215 236 
137 145 183 
5 132 237 
109 153 250 
62 111 231 
123 221 232 
154 205 245 
86 172 224 
6 30 82 
115 165 173 
12 58 179 
167 201 214 
16 131 178 
32 170 215 
9 88 133 
91 143 235 
46 75 225 
37 80 238 
164 194 250 
73 144 149 
43 85 181 
27 39 95 
135 143 238 
53 97 196 
5 15 204 
10 116 204 
155 159 179 
103 184 233 
63 122 152 
71 118 166 
70 102 240 
40 80 111 
43 102 161 
25 83 100 
4 13 129 
45 174 197 
90 101 186 
51 72 197 
47 144 164 
3 65 214 
19 78 178 
54 121 204 
76 99 160 
108 132 140 
35 47 205 
121 149 249 
12 16 177 
191 251 252 
64 130 190 
11 51 246 
59 93 231 
110 159 218 
52 64 244 
106 154 210 
69 100 183 
137 162 213 
50 66 94 
17 124 216 
182 202 234 
107 208 226 
61 168 239 
15 223 235 
31 142 150 
56 220 226 
85 99 104 
87 187 247 
22 58 157 
92 131 218 
49 103 158 
21 40 180 
101 147 194 
171 186 226 
136 168 234 
9 224 241 
139 191 219 
6 29 72 
45 64 185 
100 110 146 
143 164 193 
41 138 241 
29 50 62 
26 36 173 
124 191 248 
20 89 119 
15 150 163 
50 91 127 
47 149 203 
71 182 190 
8 43 173 
59 96 151 
175 210 211 
16 23 157 
24 42 139 
67 155 163 
74 192 242 
28 73 212 
130 160 242 
31 187 240 
70 99 108 
28 89 132 
107 153 227 
88 89 178 
22 93 206 
25 32 186 
353 341 289 132 125 62 
370 326 276 194 167 102 
440 384 296 78 54 20 
435 331 312 231 84 77 
425 403 366 228 206 80 
476 409 267 49 33 32 
387 352 337 235 217 111 
489 350 262 166 140 17 
474 415 348 233 218 61 
426 364 281 230 229 11 
450 400 263 110 71 55 
447 411 305 238 46 44 
435 338 318 176 91 4 
334 309 258 179 157 77 
485 462 425 156 97 90 
492 447 413 233 160 3 
458 388 378 246 192 36 
380 351 255 128 90 72 
441 339 327 204 129 103 
484 399 300 163 102 91 
470 344 337 183 120 82 
503 467 319 224 111 80 
492 373 370 242 216 56 
493 342 285 206 128 66 
504 434 286 230 225 93 
482 389 295 221 156 104 
422 384 377 159 158 74 
500 496 350 241 190 76 
481 476 262 223 23 13 
409 279 271 150 135 118 
498 463 313 76 31 1 
504 414 378 130 119 50 
401 374 271 249 218 168 
361 290 257 113 47 7 
445 296 267 212 159 87 
482 320 277 237 186 145 
418 293 280 171 123 10 
326 294 253 191 70 39 
422 366 340 211 205 110 
470 432 385 114 103 14 
480 372 324 212 169 117 
493 330 277 144 73 56 
489 433 421 240 142 6 
379 328 317 223 86 28 
477 436 358 248 115 19 
417 322 259 90 41 19 
487 445 439 202 188 83 
365 284 273 249 236 17 
469 323 284 207 190 40 
486 481 457 243 219 131 
450 438 266 177 101 1 
453 357 309 224 23 15 
424 364 339 86 81 24 
442 306 288 221 202 182 
376 354 320 229 143 56 
464 322 316 185 178 32 
365 363 334 150 146 62 
467 411 290 139 97 88 
490 451 366 249 184 51 
376 289 277 220 133 7 
461 387 299 172 130 106 
481 405 400 188 186 57 
429 276 259 239 134 43 
477 453 449 198 165 64 
440 371 338 242 149 103 
457 386 260 240 235 180 
494 363 358 213 91 21 
375 355 311 209 191 171 
455 370 283 244 136 64 
499 431 393 84 52 26 
488 430 328 200 163 151 
476 438 307 203 59 21 
496 420 395 183 170 88 
495 373 365 189 125 43 
417 371 324 207 145 37 
443 390 311 172 141 107 
333 310 266 222 155 46 
441 390 346 117 94 11 
375 329 287 163 101 37 
432 418 349 250 47 28 
397 360 298 189 142 58 
409 273 254 213 69 40 
434 400 398 211 109 5 
290 275 264 247 220 112 
465 421 270 236 201 121 
408 381 333 185 66 5 
466 367 320 221 74 55 
502 415 396 190 146 129 
502 500 484 123 60 57 
437 333 293 196 69 15 
486 416 368 226 220 107 
468 297 291 244 85 63 
503 451 264 250 199 164 
457 349 274 141 126 7 
422 327 278 191 137 89 
490 362 326 176 100 8 
424 376 303 165 115 95 
383 336 297 184 19 14 
499 465 443 200 20 8 
478 455 434 223 209 82 
471 437 257 162 78 45 
433 431 254 225 196 53 
469 428 304 157 36 31 
465 281 257 166 138 94 
397 357 279 209 50 22 
454 292 268 152 92 26 
501 460 354 164 126 93 
499 444 319 153 107 96 
404 357 315 243 199 6 
478 452 305 217 174 70 
432 405 279 124 98 23 
369 311 307 198 112 79 
378 356 303 210 174 122 
385 383 310 96 95 52 
410 332 329 154 34 4 
426 374 336 185 170 98 
359 353 324 192 179 54 
430 334 300 81 53 21 
484 335 329 205 92 74 
359 301 297 213 140 119 
446 442 317 122 65 6 
429 363 323 252 247 51 
406 259 253 172 146 16 
483 458 255 215 37 3 
348 331 298 180 174 115 
288 266 256 193 136 18 
486 318 304 197 133 45 
362 360 300 197 113 55 
435 341 256 242 148 57 
497 449 349 245 232 153 
468 413 275 187 132 108 
500 444 403 238 222 181 
415 394 299 168 126 59 
373 310 265 196 178 81 
423 386 283 99 41 34 
473 393 347 198 167 2 
456 402 361 248 187 12 
480 336 316 224 176 5 
493 475 256 194 39 10 
444 330 302 227 178 14 
299 265 262 158 88 18 
463 361 325 173 27 4 
479 423 416 246 243 87 
439 420 275 200 179 169 
402 359 338 100 95 60 
478 367 285 41 35 22 
471 397 396 177 108 66 
372 315 308 239 228 217 
487 446 420 241 51 16 
485 463 263 147 122 101 
490 398 394 238 118 29 
429 337 319 251 136 100 
501 404 356 142 116 47 
454 407 289 236 38 8 
494 427 307 144 134 49 
391 382 298 105 69 48 
492 467 347 79 33 30 
469 388 312 208 205 60 
452 427 344 119 116 104 
497 443 384 208 109 89 
433 391 261 241 192 137 
456 332 321 204 201 171 
494 485 323 98 63 22 
479 439 419 233 161 129 
410 301 270 237 153 127 
430 309 301 245 149 105 
412 330 265 94 84 9 
473 461 295 211 193 162 
346 340 274 239 104 24 
414 394 321 175 143 9 
472 396 339 181 154 121 
408 382 302 252 235 125 
489 482 410 130 72 67 
436 347 272 135 93 20 
491 351 253 214 195 61 
395 322 269 222 87 65 
447 328 269 216 207 71 
502 441 413 226 110 97 
427 411 358 121 67 15 
470 356 325 251 139 12 
421 371 281 175 165 139 
488 459 352 234 113 13 
455 402 368 182 116 44 
428 388 295 203 195 73 
477 393 368 164 109 48 
504 472 437 184 175 75 
498 466 270 203 159 155 
375 342 341 32 29 9 
398 377 284 252 231 33 
488 449 292 212 197 127 
483 475 448 108 96 89 
495 395 272 250 67 1 
479 343 314 215 180 117 
471 419 364 201 156 106 
390 280 273 167 152 78 
424 385 278 214 186 143 
438 436 261 120 61 48 
380 304 291 204 193 27 
345 335 306 102 75 50 
362 296 268 232 157 2 
412 344 264 182 124 40 
459 399 286 219 161 31 
487 389 308 86 85 42 
442 426 425 248 128 25 
445 407 367 210 26 25 
503 386 381 229 210 188 
379 345 314 231 36 3 
460 355 314 234 137 132 
360 343 291 169 111 42 
491 454 313 227 173 2 
491 399 258 58 42 30 
496 294 286 226 187 151 
456 278 269 206 155 123 
440 412 342 208 148 11 
414 401 340 199 158 72 
458 377 282 131 70 17 
292 282 258 99 65 25 
468 452 335 166 150 131 
475 346 276 106 38 28 
464 382 288 177 99 68 
406 372 353 105 77 59 
383 348 268 234 114 68 
462 355 263 168 76 46 
474 408 350 247 38 13 
417 317 261 244 218 214 
472 464 460 251 183 43 
501 294 254 147 75 34 
392 287 260 138 83 53 
369 325 285 162 160 49 
369 321 274 181 120 30 
451 405 332 141 135 68 
406 287 272 230 118 114 
428 374 282 45 29 27 
473 459 315 237 52 35 
462 416 305 219 147 64 
401 308 306 134 79 24 
403 392 303 215 145 124 
423 418 345 245 170 144 
461 379 313 83 80 12 
498 431 293 228 151 133 
480 474 389 138 127 112 
497 495 267 92 39 16 
316 312 271 73 63 18 
453 318 280 246 225 161 
407 351 327 160 140 10 
450 381 354 194 85 35 
466 392 283 232 149 44 
483 380 352 227 148 58 
446 391 260 216 154 82 
419 404 302 195 152 71 
448 387 331 202 173 62 
448 343 255 240 189 54 


