1680 624
12 19
12 12 12 12 12 12 12 12 12 12 12 12 12 12 12 12 12 12 12 12 12 12 12 12 12 12 12 12 12 12 12 12 12 12 12 12 12 12 12 12 12 12 12 12 12 12 12 12 11 11 11 11 11 11 11 11 11 11 11 11 11 11 11 11 11 11 11 11 11 11 11 11 11 11 11 11 11 11 11 11 11 11 11 11 11 11 11 11 11 11 11 11 11 11 11 11 4 4 4 4 4 4 4 4 4 4 4 4 4 4 4 4 4 4 4 4 4 4 4 4 4 4 4 4 4 4 4 4 4 4 4 4 4 4 4 4 4 4 4 4 4 4 4 4 5 5 5 5 5 5 5 5 5 5 5 5 5 5 5 5 5 5 5 5 5 5 5 5 5 5 5 5 5 5 5 5 5 5 5 5 5 5 5 5 5 5 5 5 5 5 5 5 5 5 5 5 5 5 5 5 5 5 5 5 5 5 5 5 5 5 5 5 5 5 5 5 5 5 5 5 5 5 5 5 5 5 5 5 5 5 5 5 5 5 5 5 5 5 5 5 3 3 3 3 3 3 3 3 3 3 3 3 3 3 3 3 3 3 3 3 3 3 3 3 3 3 3 3 3 3 3 3 3 3 3 3 3 3 3 3 3 3 3 3 3 3 3 3 4 4 4 4 4 4 4 4 4 4 4 4 4 4 4 4 4 4 4 4 4 4 4 4 4 4 4 4 4 4 4 4 4 4 4 4 4 4 4 4 4 4 4 4 4 4 4 4 5 5 5 5 5 5 5 5 5 5 5 5 5 5 5 5 5 5 5 5 5 5 5 5 5 5 5 5 5 5 5 5 5 5 5 5 5 5 5 5 5 5 5 5 5 5 5 5 5 5 5 5 5 5 5 5 5 5 5 5 5 5 5 5 5 5 5 5 5 5 5 5 5 5 5 5 5 5 5 5 5 5 5 5 5 5 5 5 5 5 5 5 5 5 5 5 3 3 3 3 3 3 3 3 3 3 3 3 3 3 3 3 3 3 3 3 3 3 3 3 3 3 3 3 3 3 3 3 3 3 3 3 3 3 3 3 3 3 3 3 3 3 3 3 6 6 6 6 6 6 6 6 6 6 6 6 6 6 6 6 6 6 6 6 6 6 6 6 6 6 6 6 6 6 6 6 6 6 6 6 6 6 6 6 6 6 6 6 6 6 6 6 6 6 6 6 6 6 6 6 6 6 6 6 6 6 6 6 6 6 6 6 6 6 6 6 6 6 6 6 6 6 6 6 6 6 6 6 6 6 6 6 6 6 6 6 6 6 6 6 6 6 6 6 6 6 6 6 6 6 6 6 6 6 6 6 6 6 6 6 6 6 6 6 6 6 6 6 6 6 6 6 6 6 6 6 6 6 6 6 6 6 6 6 6 6 6 6 6 6 6 6 6 6 6 6 6 6 6 6 6 6 6 6 6 6 6 6 6 6 6 6 6 6 6 6 6 6 6 6 6 6 6 6 6 6 6 6 6 6 6 6 6 6 6 6 5 5 5 5 5 5 5 5 5 5 5 5 5 5 5 5 5 5 5 5 5 5 5 5 5 5 5 5 5 5 5 5 5 5 5 5 5 5 5 5 5 5 5 5 5 5 5 5 3 3 3 3 3 3 3 3 3 3 3 3 3 3 3 3 3 3 3 3 3 3 3 3 3 3 3 3 3 3 3 3 3 3 3 3 3 3 3 3 3 3 3 3 3 3 3 3 6 6 6 6 6 6 6 6 6 6 6 6 6 6 6 6 6 6 6 6 6 6 6 6 6 6 6 6 6 6 6 6 6 6 6 6 6 6 6 6 6 6 6 6 6 6 6 6 5 5 5 5 5 5 5 5 5 5 5 5 5 5 5 5 5 5 5 5 5 5 5 5 5 5 5 5 5 5 5 5 5 5 5 5 5 5 5 5 5 5 5 5 5 5 5 5 6 6 6 6 6 6 6 6 6 6 6 6 6 6 6 6 6 6 6 6 6 6 6 6 6 6 6 6 6 6 6 6 6 6 6 6 6 6 6 6 6 6 6 6 6 6 6 6 4 4 4 4 4 4 4 4 4 4 4 4 4 4 4 4 4 4 4 4 4 4 4 4 4 4 4 4 4 4 4 4 4 4 4 4 4 4 4 4 4 4 4 4 4 4 4 4 5 5 5 5 5 5 5 5 5 5 5 5 5 5 5 5 5 5 5 5 5 5 5 5 5 5 5 5 5 5 5 5 5 5 5 5 5 5 5 5 5 5 5 5 5 5 5 5 6 6 6 6 6 6 6 6 6 6 6 6 6 6 6 6 6 6 6 6 6 6 6 6 6 6 6 6 6 6 6 6 6 6 6 6 6 6 6 6 6 6 6 6 6 6 6 6 6 6 6 6 6 6 6 6 6 6 6 6 6 6 6 6 6 6 6 6 6 6 6 6 6 6 6 6 6 6 6 6 6 6 6 6 6 6 6 6 6 6 6 6 6 6 6 6 3 3 3 3 3 3 3 3 3 3 3 3 3 3 3 3 3 3 3 3 3 3 3 3 3 3 3 3 3 3 3 3 3 3 3 3 3 3 3 3 3 3 3 3 3 3 3 3 3 3 3 3 3 3 3 3 3 3 3 3 3 3 3 3 3 3 3 3 3 3 3 3 3 3 3 3 3 3 3 3 3 3 3 3 3 3 3 3 3 3 3 3 3 3 3 3 2 2 2 2 2 2 2 2 2 2 2 2 2 2 2 2 2 2 2 2 2 2 2 2 2 2 2 2 2 2 2 2 2 2 2 2 2 2 2 2 2 2 2 2 2 2 2 2 1 1 1 1 1 1 1 1 1 1 1 1 1 1 1 1 1 1 1 1 1 1 1 1 1 1 1 1 1 1 1 1 1 1 1 1 1 1 1 1 1 1 1 1 1 1 1 1 1 1 1 1 1 1 1 1 1 1 1 1 1 1 1 1 1 1 1 1 1 1 1 1 1 1 1 1 1 1 1 1 1 1 1 1 1 1 1 1 1 1 1 1 1 1 1 1 1 1 1 1 1 1 1 1 1 1 1 1 1 1 1 1 1 1 1 1 1 1 1 1 1 1 1 1 1 1 1 1 1 1 1 1 1 1 1 1 1 1 1 1 1 1 1 1 1 1 1 1 1 1 1 1 1 1 1 1 1 1 1 1 1 1 1 1 1 1 1 1 1 1 1 1 1 1 1 1 1 1 1 1 1 1 1 1 1 1 1 1 1 1 1 1 1 1 1 1 1 1 1 1 1 1 1 1 1 1 1 1 1 1 1 1 1 1 1 1 1 1 1 1 1 1 1 1 1 1 1 1 1 1 1 1 1 1 1 1 1 1 1 1 1 1 1 1 1 1 1 1 1 1 1 1 1 1 1 1 1 1 1 1 1 1 1 1 1 1 1 1 1 1 1 1 1 1 1 1 1 1 1 1 1 1 1 1 1 1 1 1 1 1 1 1 1 1 1 1 1 1 1 1 1 1 1 1 1 1 1 1 1 1 1 1 1 1 1 1 1 1 1 1 1 1 1 1 1 1 1 1 1 1 1 1 1 1 1 1 1 1 1 1 1 1 1 1 1 1 1 1 1 1 1 1 1 1 1 1 1 1 1 1 1 1 1 1 1 1 1 1 1 1 1 1 1 1 1 1 1 1 1 1 1 1 1 1 1 1 1 1 1 1 1 1 1 1 1 1 1 1 1 1 1 1 1 1 1 1 1 1 1 1 1 1 1 1 1 1 1 1 1 1 1 1 1 1 1 1 1 1 1 1 1 1 
19 19 19 19 19 19 19 19 19 19 19 19 19 19 19 19 19 19 19 19 19 19 19 19 19 19 19 19 19 19 19 19 19 19 19 19 19 19 19 19 19 19 19 19 19 19 19 19 19 19 19 19 19 19 19 19 19 19 19 19 19 19 19 19 19 19 19 19 19 19 19 19 19 19 19 19 19 19 19 19 19 19 19 19 19 19 19 19 19 19 19 19 19 19 19 19 19 19 19 19 19 19 19 19 19 19 19 19 19 19 19 19 19 19 19 19 19 19 19 19 19 19 19 19 19 19 19 19 19 19 19 19 19 19 19 19 19 19 19 19 19 19 19 19 19 19 19 19 19 19 19 19 19 19 19 19 19 19 19 19 19 19 19 19 19 19 19 19 19 19 19 19 19 19 19 19 19 19 19 19 19 19 19 19 19 19 19 19 19 19 19 19 3 3 3 3 3 3 3 3 3 3 3 3 3 3 3 3 3 3 3 3 3 3 3 3 3 3 3 3 3 3 3 3 3 3 3 3 3 3 3 3 3 3 3 3 3 3 3 3 8 8 8 8 8 8 8 8 8 8 8 8 8 8 8 8 8 8 8 8 8 8 8 8 8 8 8 8 8 8 8 8 8 8 8 8 8 8 8 8 8 8 8 8 8 8 8 8 9 9 9 9 9 9 9 9 9 9 9 9 9 9 9 9 9 9 9 9 9 9 9 9 9 9 9 9 9 9 9 9 9 9 9 9 9 9 9 9 9 9 9 9 9 9 9 9 7 7 7 7 7 7 7 7 7 7 7 7 7 7 7 7 7 7 7 7 7 7 7 7 7 7 7 7 7 7 7 7 7 7 7 7 7 7 7 7 7 7 7 7 7 7 7 7 10 10 10 10 10 10 10 10 10 10 10 10 10 10 10 10 10 10 10 10 10 10 10 10 10 10 10 10 10 10 10 10 10 10 10 10 10 10 10 10 10 10 10 10 10 10 10 10 9 9 9 9 9 9 9 9 9 9 9 9 9 9 9 9 9 9 9 9 9 9 9 9 9 9 9 9 9 9 9 9 9 9 9 9 9 9 9 9 9 9 9 9 9 9 9 9 7 7 7 7 7 7 7 7 7 7 7 7 7 7 7 7 7 7 7 7 7 7 7 7 7 7 7 7 7 7 7 7 7 7 7 7 7 7 7 7 7 7 7 7 7 7 7 7 8 8 8 8 8 8 8 8 8 8 8 8 8 8 8 8 8 8 8 8 8 8 8 8 8 8 8 8 8 8 8 8 8 8 8 8 8 8 8 8 8 8 8 8 8 8 8 8 7 7 7 7 7 7 7 7 7 7 7 7 7 7 7 7 7 7 7 7 7 7 7 7 7 7 7 7 7 7 7 7 7 7 7 7 7 7 7 7 7 7 7 7 7 7 7 7 
30 69 132 157 197 286 299 376 414 451 529 596 
31 70 133 158 198 287 300 377 415 452 530 597 
32 71 134 159 199 288 301 378 416 453 531 598 
33 72 135 160 200 241 302 379 417 454 532 599 
34 73 136 161 201 242 303 380 418 455 533 600 
35 74 137 162 202 243 304 381 419 456 534 601 
36 75 138 163 203 244 305 382 420 457 535 602 
37 76 139 164 204 245 306 383 421 458 536 603 
38 77 140 165 205 246 307 384 422 459 537 604 
39 78 141 166 206 247 308 337 423 460 538 605 
40 79 142 167 207 248 309 338 424 461 539 606 
41 80 143 168 208 249 310 339 425 462 540 607 
42 81 144 169 209 250 311 340 426 463 541 608 
43 82 97 170 210 251 312 341 427 464 542 609 
44 83 98 171 211 252 313 342 428 465 543 610 
45 84 99 172 212 253 314 343 429 466 544 611 
46 85 100 173 213 254 315 344 430 467 545 612 
47 86 101 174 214 255 316 345 431 468 546 613 
48 87 102 175 215 256 317 346 432 469 547 614 
1 88 103 176 216 257 318 347 385 470 548 615 
2 89 104 177 217 258 319 348 386 471 549 616 
3 90 105 178 218 259 320 349 387 472 550 617 
4 91 106 179 219 260 321 350 388 473 551 618 
5 92 107 180 220 261 322 351 389 474 552 619 
6 93 108 181 221 262 323 352 390 475 553 620 
7 94 109 182 222 263 324 353 391 476 554 621 
8 95 110 183 223 264 325 354 392 477 555 622 
9 96 111 184 224 265 326 355 393 478 556 623 
10 49 112 185 225 266 327 356 394 479 557 624 
11 50 113 186 226 267 328 357 395 480 558 577 
12 51 114 187 227 268 329 358 396 433 559 578 
13 52 115 188 228 269 330 359 397 434 560 579 
14 53 116 189 229 270 331 360 398 435 561 580 
15 54 117 190 230 271 332 361 399 436 562 581 
16 55 118 191 231 272 333 362 400 437 563 582 
17 56 119 192 232 273 334 363 401 438 564 583 
18 57 120 145 233 274 335 364 402 439 565 584 
19 58 121 146 234 275 336 365 403 440 566 585 
20 59 122 147 235 276 289 366 404 441 567 586 
21 60 123 148 236 277 290 367 405 442 568 587 
22 61 124 149 237 278 291 368 406 443 569 588 
23 62 125 150 238 279 292 369 407 444 570 589 
24 63 126 151 239 280 293 370 408 445 571 590 
25 64 127 152 240 281 294 371 409 446 572 591 
26 65 128 153 193 282 295 372 410 447 573 592 
27 66 129 154 194 283 296 373 411 448 574 593 
28 67 130 155 195 284 297 374 412 449 575 594 
29 68 131 156 196 285 298 375 413 450 576 595 
30 135 154 204 275 371 398 441 524 571 583 
31 136 155 205 276 372 399 442 525 572 584 
32 137 156 206 277 373 400 443 526 573 585 
33 138 157 207 278 374 401 444 527 574 586 
34 139 158 208 279 375 402 445 528 575 587 
35 140 159 209 280 376 403 446 481 576 588 
36 141 160 210 281 377 404 447 482 529 589 
37 142 161 211 282 378 405 448 483 530 590 
38 143 162 212 283 379 406 449 484 531 591 
39 144 163 213 284 380 407 450 485 532 592 
40 97 164 214 285 381 408 451 486 533 593 
41 98 165 215 286 382 409 452 487 534 594 
42 99 166 216 287 383 410 453 488 535 595 
43 100 167 217 288 384 411 454 489 536 596 
44 101 168 218 241 337 412 455 490 537 597 
45 102 169 219 242 338 413 456 491 538 598 
46 103 170 220 243 339 414 457 492 539 599 
47 104 171 221 244 340 415 458 493 540 600 
48 105 172 222 245 341 416 459 494 541 601 
1 106 173 223 246 342 417 460 495 542 602 
2 107 174 224 247 343 418 461 496 543 603 
3 108 175 225 248 344 419 462 497 544 604 
4 109 176 226 249 345 420 463 498 545 605 
5 110 177 227 250 346 421 464 499 546 606 
6 111 178 228 251 347 422 465 500 547 607 
7 112 179 229 252 348 423 466 501 548 608 
8 113 180 230 253 349 424 467 502 549 609 
9 114 181 231 254 350 425 468 503 550 610 
10 115 182 232 255 351 426 469 504 551 611 
11 116 183 233 256 352 427 470 505 552 612 
12 117 184 234 257 353 428 471 506 553 613 
13 118 185 235 258 354 429 472 507 554 614 
14 119 186 236 259 355 430 473 508 555 615 
15 120 187 237 260 356 431 474 509 556 616 
16 121 188 238 261 357 432 475 510 557 617 
17 122 189 239 262 358 385 476 511 558 618 
18 123 190 240 263 359 386 477 512 559 619 
19 124 191 193 264 360 387 478 513 560 620 
20 125 192 194 265 361 388 479 514 561 621 
21 126 145 195 266 362 389 480 515 562 622 
22 127 146 196 267 363 390 433 516 563 623 
23 128 147 197 268 364 391 434 517 564 624 
24 129 148 198 269 365 392 435 518 565 577 
25 130 149 199 270 366 393 436 519 566 578 
26 131 150 200 271 367 394 437 520 567 579 
27 132 151 201 272 368 395 438 521 568 580 
28 133 152 202 273 369 396 439 522 569 581 
29 134 153 203 274 370 397 440 523 570 582 
47 69 105 526 
48 70 106 527 
1 71 107 528 
2 72 108 481 
3 73 109 482 
4 74 110 483 
5 75 111 484 
6 76 112 485 
7 77 113 486 
8 78 114 487 
9 79 115 488 
10 80 116 489 
11 81 117 490 
12 82 118 491 
13 83 119 492 
14 84 120 493 
15 85 121 494 
16 86 122 495 
17 87 123 496 
18 88 124 497 
19 89 125 498 
20 90 126 499 
21 91 127 500 
22 92 128 501 
23 93 129 502 
24 94 130 503 
25 95 131 504 
26 96 132 505 
27 49 133 506 
28 50 134 507 
29 51 135 508 
30 52 136 509 
31 53 137 510 
32 54 138 511 
33 55 139 512 
34 56 140 513 
35 57 141 514 
36 58 142 515 
37 59 143 516 
38 60 144 517 
39 61 97 518 
40 62 98 519 
41 63 99 520 
42 64 100 521 
43 65 101 522 
44 66 102 523 
45 67 103 524 
46 68 104 525 
16 72 145 270 412 
17 73 146 271 413 
18 74 147 272 414 
19 75 148 273 415 
20 76 149 274 416 
21 77 150 275 417 
22 78 151 276 418 
23 79 152 277 419 
24 80 153 278 420 
25 81 154 279 421 
26 82 155 280 422 
27 83 156 281 423 
28 84 157 282 424 
29 85 158 283 425 
30 86 159 284 426 
31 87 160 285 427 
32 88 161 286 428 
33 89 162 287 429 
34 90 163 288 430 
35 91 164 241 431 
36 92 165 242 432 
37 93 166 243 385 
38 94 167 244 386 
39 95 168 245 387 
40 96 169 246 388 
41 49 170 247 389 
42 50 171 248 390 
43 51 172 249 391 
44 52 173 250 392 
45 53 174 251 393 
46 54 175 252 394 
47 55 176 253 395 
48 56 177 254 396 
1 57 178 255 397 
2 58 179 256 398 
3 59 180 257 399 
4 60 181 258 400 
5 61 182 259 401 
6 62 183 260 402 
7 63 184 261 403 
8 64 185 262 404 
9 65 186 263 405 
10 66 187 264 406 
11 67 188 265 407 
12 68 189 266 408 
13 69 190 267 409 
14 70 191 268 410 
15 71 192 269 411 
49 101 158 357 495 
50 102 159 358 496 
51 103 160 359 497 
52 104 161 360 498 
53 105 162 361 499 
54 106 163 362 500 
55 107 164 363 501 
56 108 165 364 502 
57 109 166 365 503 
58 110 167 366 504 
59 111 168 367 505 
60 112 169 368 506 
61 113 170 369 507 
62 114 171 370 508 
63 115 172 371 509 
64 116 173 372 510 
65 117 174 373 511 
66 118 175 374 512 
67 119 176 375 513 
68 120 177 376 514 
69 121 178 377 515 
70 122 179 378 516 
71 123 180 379 517 
72 124 181 380 518 
73 125 182 381 519 
74 126 183 382 520 
75 127 184 383 521 
76 128 185 384 522 
77 129 186 337 523 
78 130 187 338 524 
79 131 188 339 525 
80 132 189 340 526 
81 133 190 341 527 
82 134 191 342 528 
83 135 192 343 481 
84 136 145 344 482 
85 137 146 345 483 
86 138 147 346 484 
87 139 148 347 485 
88 140 149 348 486 
89 141 150 349 487 
90 142 151 350 488 
91 143 152 351 489 
92 144 153 352 490 
93 97 154 353 491 
94 98 155 354 492 
95 99 156 355 493 
96 100 157 356 494 
12 49 129 
13 50 130 
14 51 131 
15 52 132 
16 53 133 
17 54 134 
18 55 135 
19 56 136 
20 57 137 
21 58 138 
22 59 139 
23 60 140 
24 61 141 
25 62 142 
26 63 143 
27 64 144 
28 65 97 
29 66 98 
30 67 99 
31 68 100 
32 69 101 
33 70 102 
34 71 103 
35 72 104 
36 73 105 
37 74 106 
38 75 107 
39 76 108 
40 77 109 
41 78 110 
42 79 111 
43 80 112 
44 81 113 
45 82 114 
46 83 115 
47 84 116 
48 85 117 
1 86 118 
2 87 119 
3 88 120 
4 89 121 
5 90 122 
6 91 123 
7 92 124 
8 93 125 
9 94 126 
10 95 127 
11 96 128 
25 128 186 320 
26 129 187 321 
27 130 188 322 
28 131 189 323 
29 132 190 324 
30 133 191 325 
31 134 192 326 
32 135 145 327 
33 136 146 328 
34 137 147 329 
35 138 148 330 
36 139 149 331 
37 140 150 332 
38 141 151 333 
39 142 152 334 
40 143 153 335 
41 144 154 336 
42 97 155 289 
43 98 156 290 
44 99 157 291 
45 100 158 292 
46 101 159 293 
47 102 160 294 
48 103 161 295 
1 104 162 296 
2 105 163 297 
3 106 164 298 
4 107 165 299 
5 108 166 300 
6 109 167 301 
7 110 168 302 
8 111 169 303 
9 112 170 304 
10 113 171 305 
11 114 172 306 
12 115 173 307 
13 116 174 308 
14 117 175 309 
15 118 176 310 
16 119 177 311 
17 120 178 312 
18 121 179 313 
19 122 180 314 
20 123 181 315 
21 124 182 316 
22 125 183 317 
23 126 184 318 
24 127 185 319 
54 118 184 340 514 
55 119 185 341 515 
56 120 186 342 516 
57 121 187 343 517 
58 122 188 344 518 
59 123 189 345 519 
60 124 190 346 520 
61 125 191 347 521 
62 126 192 348 522 
63 127 145 349 523 
64 128 146 350 524 
65 129 147 351 525 
66 130 148 352 526 
67 131 149 353 527 
68 132 150 354 528 
69 133 151 355 481 
70 134 152 356 482 
71 135 153 357 483 
72 136 154 358 484 
73 137 155 359 485 
74 138 156 360 486 
75 139 157 361 487 
76 140 158 362 488 
77 141 159 363 489 
78 142 160 364 490 
79 143 161 365 491 
80 144 162 366 492 
81 97 163 367 493 
82 98 164 368 494 
83 99 165 369 495 
84 100 166 370 496 
85 101 167 371 497 
86 102 168 372 498 
87 103 169 373 499 
88 104 170 374 500 
89 105 171 375 501 
90 106 172 376 502 
91 107 173 377 503 
92 108 174 378 504 
93 109 175 379 505 
94 110 176 380 506 
95 111 177 381 507 
96 112 178 382 508 
49 113 179 383 509 
50 114 180 384 510 
51 115 181 337 511 
52 116 182 338 512 
53 117 183 339 513 
54 129 185 383 482 
55 130 186 384 483 
56 131 187 337 484 
57 132 188 338 485 
58 133 189 339 486 
59 134 190 340 487 
60 135 191 341 488 
61 136 192 342 489 
62 137 145 343 490 
63 138 146 344 491 
64 139 147 345 492 
65 140 148 346 493 
66 141 149 347 494 
67 142 150 348 495 
68 143 151 349 496 
69 144 152 350 497 
70 97 153 351 498 
71 98 154 352 499 
72 99 155 353 500 
73 100 156 354 501 
74 101 157 355 502 
75 102 158 356 503 
76 103 159 357 504 
77 104 160 358 505 
78 105 161 359 506 
79 106 162 360 507 
80 107 163 361 508 
81 108 164 362 509 
82 109 165 363 510 
83 110 166 364 511 
84 111 167 365 512 
85 112 168 366 513 
86 113 169 367 514 
87 114 170 368 515 
88 115 171 369 516 
89 116 172 370 517 
90 117 173 371 518 
91 118 174 372 519 
92 119 175 373 520 
93 120 176 374 521 
94 121 177 375 522 
95 122 178 376 523 
96 123 179 377 524 
49 124 180 378 525 
50 125 181 379 526 
51 126 182 380 527 
52 127 183 381 528 
53 128 184 382 481 
20 63 130 
21 64 131 
22 65 132 
23 66 133 
24 67 134 
25 68 135 
26 69 136 
27 70 137 
28 71 138 
29 72 139 
30 73 140 
31 74 141 
32 75 142 
33 76 143 
34 77 144 
35 78 97 
36 79 98 
37 80 99 
38 81 100 
39 82 101 
40 83 102 
41 84 103 
42 85 104 
43 86 105 
44 87 106 
45 88 107 
46 89 108 
47 90 109 
48 91 110 
1 92 111 
2 93 112 
3 94 113 
4 95 114 
5 96 115 
6 49 116 
7 50 117 
8 51 118 
9 52 119 
10 53 120 
11 54 121 
12 55 122 
13 56 123 
14 57 124 
15 58 125 
16 59 126 
17 60 127 
18 61 128 
19 62 129 
1 112 157 336 448 595 
2 113 158 289 449 596 
3 114 159 290 450 597 
4 115 160 291 451 598 
5 116 161 292 452 599 
6 117 162 293 453 600 
7 118 163 294 454 601 
8 119 164 295 455 602 
9 120 165 296 456 603 
10 121 166 297 457 604 
11 122 167 298 458 605 
12 123 168 299 459 606 
13 124 169 300 460 607 
14 125 170 301 461 608 
15 126 171 302 462 609 
16 127 172 303 463 610 
17 128 173 304 464 611 
18 129 174 305 465 612 
19 130 175 306 466 613 
20 131 176 307 467 614 
21 132 177 308 468 615 
22 133 178 309 469 616 
23 134 179 310 470 617 
24 135 180 311 471 618 
25 136 181 312 472 619 
26 137 182 313 473 620 
27 138 183 314 474 621 
28 139 184 315 475 622 
29 140 185 316 476 623 
30 141 186 317 477 624 
31 142 187 318 478 577 
32 143 188 319 479 578 
33 144 189 320 480 579 
34 97 190 321 433 580 
35 98 191 322 434 581 
36 99 192 323 435 582 
37 100 145 324 436 583 
38 101 146 325 437 584 
39 102 147 326 438 585 
40 103 148 327 439 586 
41 104 149 328 440 587 
42 105 150 329 441 588 
43 106 151 330 442 589 
44 107 152 331 443 590 
45 108 153 332 444 591 
46 109 154 333 445 592 
47 110 155 334 446 593 
48 111 156 335 447 594 
36 90 176 322 444 585 
37 91 177 323 445 586 
38 92 178 324 446 587 
39 93 179 325 447 588 
40 94 180 326 448 589 
41 95 181 327 449 590 
42 96 182 328 450 591 
43 49 183 329 451 592 
44 50 184 330 452 593 
45 51 185 331 453 594 
46 52 186 332 454 595 
47 53 187 333 455 596 
48 54 188 334 456 597 
1 55 189 335 457 598 
2 56 190 336 458 599 
3 57 191 289 459 600 
4 58 192 290 460 601 
5 59 145 291 461 602 
6 60 146 292 462 603 
7 61 147 293 463 604 
8 62 148 294 464 605 
9 63 149 295 465 606 
10 64 150 296 466 607 
11 65 151 297 467 608 
12 66 152 298 468 609 
13 67 153 299 469 610 
14 68 154 300 470 611 
15 69 155 301 471 612 
16 70 156 302 472 613 
17 71 157 303 473 614 
18 72 158 304 474 615 
19 73 159 305 475 616 
20 74 160 306 476 617 
21 75 161 307 477 618 
22 76 162 308 478 619 
23 77 163 309 479 620 
24 78 164 310 480 621 
25 79 165 311 433 622 
26 80 166 312 434 623 
27 81 167 313 435 624 
28 82 168 314 436 577 
29 83 169 315 437 578 
30 84 170 316 438 579 
31 85 171 317 439 580 
32 86 172 318 440 581 
33 87 173 319 441 582 
34 88 174 320 442 583 
35 89 175 321 443 584 
32 91 154 267 415 569 
33 92 155 268 416 570 
34 93 156 269 417 571 
35 94 157 270 418 572 
36 95 158 271 419 573 
37 96 159 272 420 574 
38 49 160 273 421 575 
39 50 161 274 422 576 
40 51 162 275 423 529 
41 52 163 276 424 530 
42 53 164 277 425 531 
43 54 165 278 426 532 
44 55 166 279 427 533 
45 56 167 280 428 534 
46 57 168 281 429 535 
47 58 169 282 430 536 
48 59 170 283 431 537 
1 60 171 284 432 538 
2 61 172 285 385 539 
3 62 173 286 386 540 
4 63 174 287 387 541 
5 64 175 288 388 542 
6 65 176 241 389 543 
7 66 177 242 390 544 
8 67 178 243 391 545 
9 68 179 244 392 546 
10 69 180 245 393 547 
11 70 181 246 394 548 
12 71 182 247 395 549 
13 72 183 248 396 550 
14 73 184 249 397 551 
15 74 185 250 398 552 
16 75 186 251 399 553 
17 76 187 252 400 554 
18 77 188 253 401 555 
19 78 189 254 402 556 
20 79 190 255 403 557 
21 80 191 256 404 558 
22 81 192 257 405 559 
23 82 145 258 406 560 
24 83 146 259 407 561 
25 84 147 260 408 562 
26 85 148 261 409 563 
27 86 149 262 410 564 
28 87 150 263 411 565 
29 88 151 264 412 566 
30 89 152 265 413 567 
31 90 153 266 414 568 
28 137 188 293 472 623 
29 138 189 294 473 624 
30 139 190 295 474 577 
31 140 191 296 475 578 
32 141 192 297 476 579 
33 142 145 298 477 580 
34 143 146 299 478 581 
35 144 147 300 479 582 
36 97 148 301 480 583 
37 98 149 302 433 584 
38 99 150 303 434 585 
39 100 151 304 435 586 
40 101 152 305 436 587 
41 102 153 306 437 588 
42 103 154 307 438 589 
43 104 155 308 439 590 
44 105 156 309 440 591 
45 106 157 310 441 592 
46 107 158 311 442 593 
47 108 159 312 443 594 
48 109 160 313 444 595 
1 110 161 314 445 596 
2 111 162 315 446 597 
3 112 163 316 447 598 
4 113 164 317 448 599 
5 114 165 318 449 600 
6 115 166 319 450 601 
7 116 167 320 451 602 
8 117 168 321 452 603 
9 118 169 322 453 604 
10 119 170 323 454 605 
11 120 171 324 455 606 
12 121 172 325 456 607 
13 122 173 326 457 608 
14 123 174 327 458 609 
15 124 175 328 459 610 
16 125 176 329 460 611 
17 126 177 330 461 612 
18 127 178 331 462 613 
19 128 179 332 463 614 
20 129 180 333 464 615 
21 130 181 334 465 616 
22 131 182 335 466 617 
23 132 183 336 467 618 
24 133 184 289 468 619 
25 134 185 290 469 620 
26 135 186 291 470 621 
27 136 187 292 471 622 
72 105 173 367 511 
73 106 174 368 512 
74 107 175 369 513 
75 108 176 370 514 
76 109 177 371 515 
77 110 178 372 516 
78 111 179 373 517 
79 112 180 374 518 
80 113 181 375 519 
81 114 182 376 520 
82 115 183 377 521 
83 116 184 378 522 
84 117 185 379 523 
85 118 186 380 524 
86 119 187 381 525 
87 120 188 382 526 
88 121 189 383 527 
89 122 190 384 528 
90 123 191 337 481 
91 124 192 338 482 
92 125 145 339 483 
93 126 146 340 484 
94 127 147 341 485 
95 128 148 342 486 
96 129 149 343 487 
49 130 150 344 488 
50 131 151 345 489 
51 132 152 346 490 
52 133 153 347 491 
53 134 154 348 492 
54 135 155 349 493 
55 136 156 350 494 
56 137 157 351 495 
57 138 158 352 496 
58 139 159 353 497 
59 140 160 354 498 
60 141 161 355 499 
61 142 162 356 500 
62 143 163 357 501 
63 144 164 358 502 
64 97 165 359 503 
65 98 166 360 504 
66 99 167 361 505 
67 100 168 362 506 
68 101 169 363 507 
69 102 170 364 508 
70 103 171 365 509 
71 104 172 366 510 
26 94 140 
27 95 141 
28 96 142 
29 49 143 
30 50 144 
31 51 97 
32 52 98 
33 53 99 
34 54 100 
35 55 101 
36 56 102 
37 57 103 
38 58 104 
39 59 105 
40 60 106 
41 61 107 
42 62 108 
43 63 109 
44 64 110 
45 65 111 
46 66 112 
47 67 113 
48 68 114 
1 69 115 
2 70 116 
3 71 117 
4 72 118 
5 73 119 
6 74 120 
7 75 121 
8 76 122 
9 77 123 
10 78 124 
11 79 125 
12 80 126 
13 81 127 
14 82 128 
15 83 129 
16 84 130 
17 85 131 
18 86 132 
19 87 133 
20 88 134 
21 89 135 
22 90 136 
23 91 137 
24 92 138 
25 93 139 
39 79 177 288 394 530 
40 80 178 241 395 531 
41 81 179 242 396 532 
42 82 180 243 397 533 
43 83 181 244 398 534 
44 84 182 245 399 535 
45 85 183 246 400 536 
46 86 184 247 401 537 
47 87 185 248 402 538 
48 88 186 249 403 539 
1 89 187 250 404 540 
2 90 188 251 405 541 
3 91 189 252 406 542 
4 92 190 253 407 543 
5 93 191 254 408 544 
6 94 192 255 409 545 
7 95 145 256 410 546 
8 96 146 257 411 547 
9 49 147 258 412 548 
10 50 148 259 413 549 
11 51 149 260 414 550 
12 52 150 261 415 551 
13 53 151 262 416 552 
14 54 152 263 417 553 
15 55 153 264 418 554 
16 56 154 265 419 555 
17 57 155 266 420 556 
18 58 156 267 421 557 
19 59 157 268 422 558 
20 60 158 269 423 559 
21 61 159 270 424 560 
22 62 160 271 425 561 
23 63 161 272 426 562 
24 64 162 273 427 563 
25 65 163 274 428 564 
26 66 164 275 429 565 
27 67 165 276 430 566 
28 68 166 277 431 567 
29 69 167 278 432 568 
30 70 168 279 385 569 
31 71 169 280 386 570 
32 72 170 281 387 571 
33 73 171 282 388 572 
34 74 172 283 389 573 
35 75 173 284 390 574 
36 76 174 285 391 575 
37 77 175 286 392 576 
38 78 176 287 393 529 
79 110 181 324 466 
80 111 182 325 467 
81 112 183 326 468 
82 113 184 327 469 
83 114 185 328 470 
84 115 186 329 471 
85 116 187 330 472 
86 117 188 331 473 
87 118 189 332 474 
88 119 190 333 475 
89 120 191 334 476 
90 121 192 335 477 
91 122 145 336 478 
92 123 146 289 479 
93 124 147 290 480 
94 125 148 291 433 
95 126 149 292 434 
96 127 150 293 435 
49 128 151 294 436 
50 129 152 295 437 
51 130 153 296 438 
52 131 154 297 439 
53 132 155 298 440 
54 133 156 299 441 
55 134 157 300 442 
56 135 158 301 443 
57 136 159 302 444 
58 137 160 303 445 
59 138 161 304 446 
60 139 162 305 447 
61 140 163 306 448 
62 141 164 307 449 
63 142 165 308 450 
64 143 166 309 451 
65 144 167 310 452 
66 97 168 311 453 
67 98 169 312 454 
68 99 170 313 455 
69 100 171 314 456 
70 101 172 315 457 
71 102 173 316 458 
72 103 174 317 459 
73 104 175 318 460 
74 105 176 319 461 
75 106 177 320 462 
76 107 178 321 463 
77 108 179 322 464 
78 109 180 323 465 
47 97 162 319 466 599 
48 98 163 320 467 600 
1 99 164 321 468 601 
2 100 165 322 469 602 
3 101 166 323 470 603 
4 102 167 324 471 604 
5 103 168 325 472 605 
6 104 169 326 473 606 
7 105 170 327 474 607 
8 106 171 328 475 608 
9 107 172 329 476 609 
10 108 173 330 477 610 
11 109 174 331 478 611 
12 110 175 332 479 612 
13 111 176 333 480 613 
14 112 177 334 433 614 
15 113 178 335 434 615 
16 114 179 336 435 616 
17 115 180 289 436 617 
18 116 181 290 437 618 
19 117 182 291 438 619 
20 118 183 292 439 620 
21 119 184 293 440 621 
22 120 185 294 441 622 
23 121 186 295 442 623 
24 122 187 296 443 624 
25 123 188 297 444 577 
26 124 189 298 445 578 
27 125 190 299 446 579 
28 126 191 300 447 580 
29 127 192 301 448 581 
30 128 145 302 449 582 
31 129 146 303 450 583 
32 130 147 304 451 584 
33 131 148 305 452 585 
34 132 149 306 453 586 
35 133 150 307 454 587 
36 134 151 308 455 588 
37 135 152 309 456 589 
38 136 153 310 457 590 
39 137 154 311 458 591 
40 138 155 312 459 592 
41 139 156 313 460 593 
42 140 157 314 461 594 
43 141 158 315 462 595 
44 142 159 316 463 596 
45 143 160 317 464 597 
46 144 161 318 465 598 
13 54 132 401 
14 55 133 402 
15 56 134 403 
16 57 135 404 
17 58 136 405 
18 59 137 406 
19 60 138 407 
20 61 139 408 
21 62 140 409 
22 63 141 410 
23 64 142 411 
24 65 143 412 
25 66 144 413 
26 67 97 414 
27 68 98 415 
28 69 99 416 
29 70 100 417 
30 71 101 418 
31 72 102 419 
32 73 103 420 
33 74 104 421 
34 75 105 422 
35 76 106 423 
36 77 107 424 
37 78 108 425 
38 79 109 426 
39 80 110 427 
40 81 111 428 
41 82 112 429 
42 83 113 430 
43 84 114 431 
44 85 115 432 
45 86 116 385 
46 87 117 386 
47 88 118 387 
48 89 119 388 
1 90 120 389 
2 91 121 390 
3 92 122 391 
4 93 123 392 
5 94 124 393 
6 95 125 394 
7 96 126 395 
8 49 127 396 
9 50 128 397 
10 51 129 398 
11 52 130 399 
12 53 131 400 
7 132 154 304 447 
8 133 155 305 448 
9 134 156 306 449 
10 135 157 307 450 
11 136 158 308 451 
12 137 159 309 452 
13 138 160 310 453 
14 139 161 311 454 
15 140 162 312 455 
16 141 163 313 456 
17 142 164 314 457 
18 143 165 315 458 
19 144 166 316 459 
20 97 167 317 460 
21 98 168 318 461 
22 99 169 319 462 
23 100 170 320 463 
24 101 171 321 464 
25 102 172 322 465 
26 103 173 323 466 
27 104 174 324 467 
28 105 175 325 468 
29 106 176 326 469 
30 107 177 327 470 
31 108 178 328 471 
32 109 179 329 472 
33 110 180 330 473 
34 111 181 331 474 
35 112 182 332 475 
36 113 183 333 476 
37 114 184 334 477 
38 115 185 335 478 
39 116 186 336 479 
40 117 187 289 480 
41 118 188 290 433 
42 119 189 291 434 
43 120 190 292 435 
44 121 191 293 436 
45 122 192 294 437 
46 123 145 295 438 
47 124 146 296 439 
48 125 147 297 440 
1 126 148 298 441 
2 127 149 299 442 
3 128 150 300 443 
4 129 151 301 444 
5 130 152 302 445 
6 131 153 303 446 
39 81 172 286 401 533 
40 82 173 287 402 534 
41 83 174 288 403 535 
42 84 175 241 404 536 
43 85 176 242 405 537 
44 86 177 243 406 538 
45 87 178 244 407 539 
46 88 179 245 408 540 
47 89 180 246 409 541 
48 90 181 247 410 542 
1 91 182 248 411 543 
2 92 183 249 412 544 
3 93 184 250 413 545 
4 94 185 251 414 546 
5 95 186 252 415 547 
6 96 187 253 416 548 
7 49 188 254 417 549 
8 50 189 255 418 550 
9 51 190 256 419 551 
10 52 191 257 420 552 
11 53 192 258 421 553 
12 54 145 259 422 554 
13 55 146 260 423 555 
14 56 147 261 424 556 
15 57 148 262 425 557 
16 58 149 263 426 558 
17 59 150 264 427 559 
18 60 151 265 428 560 
19 61 152 266 429 561 
20 62 153 267 430 562 
21 63 154 268 431 563 
22 64 155 269 432 564 
23 65 156 270 385 565 
24 66 157 271 386 566 
25 67 158 272 387 567 
26 68 159 273 388 568 
27 69 160 274 389 569 
28 70 161 275 390 570 
29 71 162 276 391 571 
30 72 163 277 392 572 
31 73 164 278 393 573 
32 74 165 279 394 574 
33 75 166 280 395 575 
34 76 167 281 396 576 
35 77 168 282 397 529 
36 78 169 283 398 530 
37 79 170 284 399 531 
38 80 171 285 400 532 
48 49 192 276 414 531 
1 50 145 277 415 532 
2 51 146 278 416 533 
3 52 147 279 417 534 
4 53 148 280 418 535 
5 54 149 281 419 536 
6 55 150 282 420 537 
7 56 151 283 421 538 
8 57 152 284 422 539 
9 58 153 285 423 540 
10 59 154 286 424 541 
11 60 155 287 425 542 
12 61 156 288 426 543 
13 62 157 241 427 544 
14 63 158 242 428 545 
15 64 159 243 429 546 
16 65 160 244 430 547 
17 66 161 245 431 548 
18 67 162 246 432 549 
19 68 163 247 385 550 
20 69 164 248 386 551 
21 70 165 249 387 552 
22 71 166 250 388 553 
23 72 167 251 389 554 
24 73 168 252 390 555 
25 74 169 253 391 556 
26 75 170 254 392 557 
27 76 171 255 393 558 
28 77 172 256 394 559 
29 78 173 257 395 560 
30 79 174 258 396 561 
31 80 175 259 397 562 
32 81 176 260 398 563 
33 82 177 261 399 564 
34 83 178 262 400 565 
35 84 179 263 401 566 
36 85 180 264 402 567 
37 86 181 265 403 568 
38 87 182 266 404 569 
39 88 183 267 405 570 
40 89 184 268 406 571 
41 90 185 269 407 572 
42 91 186 270 408 573 
43 92 187 271 409 574 
44 93 188 272 410 575 
45 94 189 273 411 576 
46 95 190 274 412 529 
47 96 191 275 413 530 
1 49 558 
2 50 559 
3 51 560 
4 52 561 
5 53 562 
6 54 563 
7 55 564 
8 56 565 
9 57 566 
10 58 567 
11 59 568 
12 60 569 
13 61 570 
14 62 571 
15 63 572 
16 64 573 
17 65 574 
18 66 575 
19 67 576 
20 68 529 
21 69 530 
22 70 531 
23 71 532 
24 72 533 
25 73 534 
26 74 535 
27 75 536 
28 76 537 
29 77 538 
30 78 539 
31 79 540 
32 80 541 
33 81 542 
34 82 543 
35 83 544 
36 84 545 
37 85 546 
38 86 547 
39 87 548 
40 88 549 
41 89 550 
42 90 551 
43 91 552 
44 92 553 
45 93 554 
46 94 555 
47 95 556 
48 96 557 
49 97 407 
50 98 408 
51 99 409 
52 100 410 
53 101 411 
54 102 412 
55 103 413 
56 104 414 
57 105 415 
58 106 416 
59 107 417 
60 108 418 
61 109 419 
62 110 420 
63 111 421 
64 112 422 
65 113 423 
66 114 424 
67 115 425 
68 116 426 
69 117 427 
70 118 428 
71 119 429 
72 120 430 
73 121 431 
74 122 432 
75 123 385 
76 124 386 
77 125 387 
78 126 388 
79 127 389 
80 128 390 
81 129 391 
82 130 392 
83 131 393 
84 132 394 
85 133 395 
86 134 396 
87 135 397 
88 136 398 
89 137 399 
90 138 400 
91 139 401 
92 140 402 
93 141 403 
94 142 404 
95 143 405 
96 144 406 
97 145 
98 146 
99 147 
100 148 
101 149 
102 150 
103 151 
104 152 
105 153 
106 154 
107 155 
108 156 
109 157 
110 158 
111 159 
112 160 
113 161 
114 162 
115 163 
116 164 
117 165 
118 166 
119 167 
120 168 
121 169 
122 170 
123 171 
124 172 
125 173 
126 174 
127 175 
128 176 
129 177 
130 178 
131 179 
132 180 
133 181 
134 182 
135 183 
136 184 
137 185 
138 186 
139 187 
140 188 
141 189 
142 190 
143 191 
144 192 
193 
194 
195 
196 
197 
198 
199 
200 
201 
202 
203 
204 
205 
206 
207 
208 
209 
210 
211 
212 
213 
214 
215 
216 
217 
218 
219 
220 
221 
222 
223 
224 
225 
226 
227 
228 
229 
230 
231 
232 
233 
234 
235 
236 
237 
238 
239 
240 
241 
242 
243 
244 
245 
246 
247 
248 
249 
250 
251 
252 
253 
254 
255 
256 
257 
258 
259 
260 
261 
262 
263 
264 
265 
266 
267 
268 
269 
270 
271 
272 
273 
274 
275 
276 
277 
278 
279 
280 
281 
282 
283 
284 
285 
286 
287 
288 
289 
290 
291 
292 
293 
294 
295 
296 
297 
298 
299 
300 
301 
302 
303 
304 
305 
306 
307 
308 
309 
310 
311 
312 
313 
314 
315 
316 
317 
318 
319 
320 
321 
322 
323 
324 
325 
326 
327 
328 
329 
330 
331 
332 
333 
334 
335 
336 
337 
338 
339 
340 
341 
342 
343 
344 
345 
346 
347 
348 
349 
350 
351 
352 
353 
354 
355 
356 
357 
358 
359 
360 
361 
362 
363 
364 
365 
366 
367 
368 
369 
370 
371 
372 
373 
374 
375 
376 
377 
378 
379 
380 
381 
382 
383 
384 
385 
386 
387 
388 
389 
390 
391 
392 
393 
394 
395 
396 
397 
398 
399 
400 
401 
402 
403 
404 
405 
406 
407 
408 
409 
410 
411 
412 
413 
414 
415 
416 
417 
418 
419 
420 
421 
422 
423 
424 
425 
426 
427 
428 
429 
430 
431 
432 
433 
434 
435 
436 
437 
438 
439 
440 
441 
442 
443 
444 
445 
446 
447 
448 
449 
450 
451 
452 
453 
454 
455 
456 
457 
458 
459 
460 
461 
462 
463 
464 
465 
466 
467 
468 
469 
470 
471 
472 
473 
474 
475 
476 
477 
478 
479 
480 
481 
482 
483 
484 
485 
486 
487 
488 
489 
490 
491 
492 
493 
494 
495 
496 
497 
498 
499 
500 
501 
502 
503 
504 
505 
506 
507 
508 
509 
510 
511 
512 
513 
514 
515 
516 
517 
518 
519 
520 
521 
522 
523 
524 
525 
526 
527 
528 
529 
530 
531 
532 
533 
534 
535 
536 
537 
538 
539 
540 
541 
542 
543 
544 
545 
546 
547 
548 
549 
550 
551 
552 
553 
554 
555 
556 
557 
558 
559 
560 
561 
562 
563 
564 
565 
566 
567 
568 
569 
570 
571 
572 
573 
574 
575 
576 
577 
578 
579 
580 
581 
582 
583 
584 
585 
586 
587 
588 
589 
590 
591 
592 
593 
594 
595 
596 
597 
598 
599 
600 
601 
602 
603 
604 
605 
606 
607 
608 
609 
610 
611 
612 
613 
614 
615 
616 
617 
618 
619 
620 
621 
622 
623 
624 
20 68 99 178 278 313 462 481 542 594 646 744 779 867 949 1003 1019 1058 1105 
21 69 100 179 279 314 463 482 543 595 647 745 780 868 950 1004 1020 1059 1106 
22 70 101 180 280 315 464 483 544 596 648 746 781 869 951 1005 1021 1060 1107 
23 71 102 181 281 316 465 484 545 597 649 747 782 870 952 1006 1022 1061 1108 
24 72 103 182 282 317 466 485 546 598 650 748 783 871 953 1007 1023 1062 1109 
25 73 104 183 283 318 467 486 547 599 651 749 784 872 954 1008 1024 1063 1110 
26 74 105 184 284 319 468 487 548 600 652 750 785 873 955 961 1025 1064 1111 
27 75 106 185 285 320 469 488 549 601 653 751 786 874 956 962 1026 1065 1112 
28 76 107 186 286 321 470 489 550 602 654 752 787 875 957 963 1027 1066 1113 
29 77 108 187 287 322 471 490 551 603 655 753 788 876 958 964 1028 1067 1114 
30 78 109 188 288 323 472 491 552 604 656 754 789 877 959 965 1029 1068 1115 
31 79 110 189 241 324 473 492 553 605 657 755 790 878 960 966 1030 1069 1116 
32 80 111 190 242 325 474 493 554 606 658 756 791 879 913 967 1031 1070 1117 
33 81 112 191 243 326 475 494 555 607 659 757 792 880 914 968 1032 1071 1118 
34 82 113 192 244 327 476 495 556 608 660 758 793 881 915 969 1033 1072 1119 
35 83 114 145 245 328 477 496 557 609 661 759 794 882 916 970 1034 1073 1120 
36 84 115 146 246 329 478 497 558 610 662 760 795 883 917 971 1035 1074 1121 
37 85 116 147 247 330 479 498 559 611 663 761 796 884 918 972 1036 1075 1122 
38 86 117 148 248 331 480 499 560 612 664 762 797 885 919 973 1037 1076 1123 
39 87 118 149 249 332 433 500 561 613 665 763 798 886 920 974 1038 1077 1124 
40 88 119 150 250 333 434 501 562 614 666 764 799 887 921 975 1039 1078 1125 
41 89 120 151 251 334 435 502 563 615 667 765 800 888 922 976 1040 1079 1126 
42 90 121 152 252 335 436 503 564 616 668 766 801 889 923 977 1041 1080 1127 
43 91 122 153 253 336 437 504 565 617 669 767 802 890 924 978 1042 1081 1128 
44 92 123 154 254 289 438 505 566 618 670 768 803 891 925 979 1043 1082 1129 
45 93 124 155 255 290 439 506 567 619 671 721 804 892 926 980 1044 1083 1130 
46 94 125 156 256 291 440 507 568 620 672 722 805 893 927 981 1045 1084 1131 
47 95 126 157 257 292 441 508 569 621 625 723 806 894 928 982 1046 1085 1132 
48 96 127 158 258 293 442 509 570 622 626 724 807 895 929 983 1047 1086 1133 
1 49 128 159 259 294 443 510 571 623 627 725 808 896 930 984 1048 1087 1134 
2 50 129 160 260 295 444 511 572 624 628 726 809 897 931 985 1049 1088 1135 
3 51 130 161 261 296 445 512 573 577 629 727 810 898 932 986 1050 1089 1136 
4 52 131 162 262 297 446 513 574 578 630 728 811 899 933 987 1051 1090 1137 
5 53 132 163 263 298 447 514 575 579 631 729 812 900 934 988 1052 1091 1138 
6 54 133 164 264 299 448 515 576 580 632 730 813 901 935 989 1053 1092 1139 
7 55 134 165 265 300 449 516 529 581 633 731 814 902 936 990 1054 1093 1140 
8 56 135 166 266 301 450 517 530 582 634 732 815 903 937 991 1055 1094 1141 
9 57 136 167 267 302 451 518 531 583 635 733 816 904 938 992 1056 1095 1142 
10 58 137 168 268 303 452 519 532 584 636 734 769 905 939 993 1009 1096 1143 
11 59 138 169 269 304 453 520 533 585 637 735 770 906 940 994 1010 1097 1144 
12 60 139 170 270 305 454 521 534 586 638 736 771 907 941 995 1011 1098 1145 
13 61 140 171 271 306 455 522 535 587 639 737 772 908 942 996 1012 1099 1146 
14 62 141 172 272 307 456 523 536 588 640 738 773 909 943 997 1013 1100 1147 
15 63 142 173 273 308 457 524 537 589 641 739 774 910 944 998 1014 1101 1148 
16 64 143 174 274 309 458 525 538 590 642 740 775 911 945 999 1015 1102 1149 
17 65 144 175 275 310 459 526 539 591 643 741 776 912 946 1000 1016 1103 1150 
18 66 97 176 276 311 460 527 540 592 644 742 777 865 947 1001 1017 1104 1151 
19 67 98 177 277 312 461 528 541 593 645 743 778 866 948 1002 1018 1057 1152 
29 125 170 193 241 380 428 467 536 583 698 724 787 835 956 1025 1057 1105 1153 
30 126 171 194 242 381 429 468 537 584 699 725 788 836 957 1026 1058 1106 1154 
31 127 172 195 243 382 430 469 538 585 700 726 789 837 958 1027 1059 1107 1155 
32 128 173 196 244 383 431 470 539 586 701 727 790 838 959 1028 1060 1108 1156 
33 129 174 197 245 384 432 471 540 587 702 728 791 839 960 1029 1061 1109 1157 
34 130 175 198 246 337 385 472 541 588 703 729 792 840 913 1030 1062 1110 1158 
35 131 176 199 247 338 386 473 542 589 704 730 793 841 914 1031 1063 1111 1159 
36 132 177 200 248 339 387 474 543 590 705 731 794 842 915 1032 1064 1112 1160 
37 133 178 201 249 340 388 475 544 591 706 732 795 843 916 1033 1065 1113 1161 
38 134 179 202 250 341 389 476 545 592 707 733 796 844 917 1034 1066 1114 1162 
39 135 180 203 251 342 390 477 546 593 708 734 797 845 918 1035 1067 1115 1163 
40 136 181 204 252 343 391 478 547 594 709 735 798 846 919 1036 1068 1116 1164 
41 137 182 205 253 344 392 479 548 595 710 736 799 847 920 1037 1069 1117 1165 
42 138 183 206 254 345 393 480 549 596 711 737 800 848 921 1038 1070 1118 1166 
43 139 184 207 255 346 394 433 550 597 712 738 801 849 922 1039 1071 1119 1167 
44 140 185 208 256 347 395 434 551 598 713 739 802 850 923 1040 1072 1120 1168 
45 141 186 209 257 348 396 435 552 599 714 740 803 851 924 1041 1073 1121 1169 
46 142 187 210 258 349 397 436 553 600 715 741 804 852 925 1042 1074 1122 1170 
47 143 188 211 259 350 398 437 554 601 716 742 805 853 926 1043 1075 1123 1171 
48 144 189 212 260 351 399 438 555 602 717 743 806 854 927 1044 1076 1124 1172 
1 97 190 213 261 352 400 439 556 603 718 744 807 855 928 1045 1077 1125 1173 
2 98 191 214 262 353 401 440 557 604 719 745 808 856 929 1046 1078 1126 1174 
3 99 192 215 263 354 402 441 558 605 720 746 809 857 930 1047 1079 1127 1175 
4 100 145 216 264 355 403 442 559 606 673 747 810 858 931 1048 1080 1128 1176 
5 101 146 217 265 356 404 443 560 607 674 748 811 859 932 1049 1081 1129 1177 
6 102 147 218 266 357 405 444 561 608 675 749 812 860 933 1050 1082 1130 1178 
7 103 148 219 267 358 406 445 562 609 676 750 813 861 934 1051 1083 1131 1179 
8 104 149 220 268 359 407 446 563 610 677 751 814 862 935 1052 1084 1132 1180 
9 105 150 221 269 360 408 447 564 611 678 752 815 863 936 1053 1085 1133 1181 
10 106 151 222 270 361 409 448 565 612 679 753 816 864 937 1054 1086 1134 1182 
11 107 152 223 271 362 410 449 566 613 680 754 769 817 938 1055 1087 1135 1183 
12 108 153 224 272 363 411 450 567 614 681 755 770 818 939 1056 1088 1136 1184 
13 109 154 225 273 364 412 451 568 615 682 756 771 819 940 1009 1089 1137 1185 
14 110 155 226 274 365 413 452 569 616 683 757 772 820 941 1010 1090 1138 1186 
15 111 156 227 275 366 414 453 570 617 684 758 773 821 942 1011 1091 1139 1187 
16 112 157 228 276 367 415 454 571 618 685 759 774 822 943 1012 1092 1140 1188 
17 113 158 229 277 368 416 455 572 619 686 760 775 823 944 1013 1093 1141 1189 
18 114 159 230 278 369 417 456 573 620 687 761 776 824 945 1014 1094 1142 1190 
19 115 160 231 279 370 418 457 574 621 688 762 777 825 946 1015 1095 1143 1191 
20 116 161 232 280 371 419 458 575 622 689 763 778 826 947 1016 1096 1144 1192 
21 117 162 233 281 372 420 459 576 623 690 764 779 827 948 1017 1097 1145 1193 
22 118 163 234 282 373 421 460 529 624 691 765 780 828 949 1018 1098 1146 1194 
23 119 164 235 283 374 422 461 530 577 692 766 781 829 950 1019 1099 1147 1195 
24 120 165 236 284 375 423 462 531 578 693 767 782 830 951 1020 1100 1148 1196 
25 121 166 237 285 376 424 463 532 579 694 768 783 831 952 1021 1101 1149 1197 
26 122 167 238 286 377 425 464 533 580 695 721 784 832 953 1022 1102 1150 1198 
27 123 168 239 287 378 426 465 534 581 696 722 785 833 954 1023 1103 1151 1199 
28 124 169 240 288 379 427 466 535 582 697 723 786 834 955 1024 1104 1152 1200 
14 59 137 237 257 306 364 401 448 514 633 713 726 852 865 926 974 1153 1201 
15 60 138 238 258 307 365 402 449 515 634 714 727 853 866 927 975 1154 1202 
16 61 139 239 259 308 366 403 450 516 635 715 728 854 867 928 976 1155 1203 
17 62 140 240 260 309 367 404 451 517 636 716 729 855 868 929 977 1156 1204 
18 63 141 193 261 310 368 405 452 518 637 717 730 856 869 930 978 1157 1205 
19 64 142 194 262 311 369 406 453 519 638 718 731 857 870 931 979 1158 1206 
20 65 143 195 263 312 370 407 454 520 639 719 732 858 871 932 980 1159 1207 
21 66 144 196 264 313 371 408 455 521 640 720 733 859 872 933 981 1160 1208 
22 67 97 197 265 314 372 409 456 522 641 673 734 860 873 934 982 1161 1209 
23 68 98 198 266 315 373 410 457 523 642 674 735 861 874 935 983 1162 1210 
24 69 99 199 267 316 374 411 458 524 643 675 736 862 875 936 984 1163 1211 
25 70 100 200 268 317 375 412 459 525 644 676 737 863 876 937 985 1164 1212 
26 71 101 201 269 318 376 413 460 526 645 677 738 864 877 938 986 1165 1213 
27 72 102 202 270 319 377 414 461 527 646 678 739 817 878 939 987 1166 1214 
28 73 103 203 271 320 378 415 462 528 647 679 740 818 879 940 988 1167 1215 
29 74 104 204 272 321 379 416 463 481 648 680 741 819 880 941 989 1168 1216 
30 75 105 205 273 322 380 417 464 482 649 681 742 820 881 942 990 1169 1217 
31 76 106 206 274 323 381 418 465 483 650 682 743 821 882 943 991 1170 1218 
32 77 107 207 275 324 382 419 466 484 651 683 744 822 883 944 992 1171 1219 
33 78 108 208 276 325 383 420 467 485 652 684 745 823 884 945 993 1172 1220 
34 79 109 209 277 326 384 421 468 486 653 685 746 824 885 946 994 1173 1221 
35 80 110 210 278 327 337 422 469 487 654 686 747 825 886 947 995 1174 1222 
36 81 111 211 279 328 338 423 470 488 655 687 748 826 887 948 996 1175 1223 
37 82 112 212 280 329 339 424 471 489 656 688 749 827 888 949 997 1176 1224 
38 83 113 213 281 330 340 425 472 490 657 689 750 828 889 950 998 1177 1225 
39 84 114 214 282 331 341 426 473 491 658 690 751 829 890 951 999 1178 1226 
40 85 115 215 283 332 342 427 474 492 659 691 752 830 891 952 1000 1179 1227 
41 86 116 216 284 333 343 428 475 493 660 692 753 831 892 953 1001 1180 1228 
42 87 117 217 285 334 344 429 476 494 661 693 754 832 893 954 1002 1181 1229 
43 88 118 218 286 335 345 430 477 495 662 694 755 833 894 955 1003 1182 1230 
44 89 119 219 287 336 346 431 478 496 663 695 756 834 895 956 1004 1183 1231 
45 90 120 220 288 289 347 432 479 497 664 696 757 835 896 957 1005 1184 1232 
46 91 121 221 241 290 348 385 480 498 665 697 758 836 897 958 1006 1185 1233 
47 92 122 222 242 291 349 386 433 499 666 698 759 837 898 959 1007 1186 1234 
48 93 123 223 243 292 350 387 434 500 667 699 760 838 899 960 1008 1187 1235 
1 94 124 224 244 293 351 388 435 501 668 700 761 839 900 913 961 1188 1236 
2 95 125 225 245 294 352 389 436 502 669 701 762 840 901 914 962 1189 1237 
3 96 126 226 246 295 353 390 437 503 670 702 763 841 902 915 963 1190 1238 
4 49 127 227 247 296 354 391 438 504 671 703 764 842 903 916 964 1191 1239 
5 50 128 228 248 297 355 392 439 505 672 704 765 843 904 917 965 1192 1240 
6 51 129 229 249 298 356 393 440 506 625 705 766 844 905 918 966 1193 1241 
7 52 130 230 250 299 357 394 441 507 626 706 767 845 906 919 967 1194 1242 
8 53 131 231 251 300 358 395 442 508 627 707 768 846 907 920 968 1195 1243 
9 54 132 232 252 301 359 396 443 509 628 708 721 847 908 921 969 1196 1244 
10 55 133 233 253 302 360 397 444 510 629 709 722 848 909 922 970 1197 1245 
11 56 134 234 254 303 361 398 445 511 630 710 723 849 910 923 971 1198 1246 
12 57 135 235 255 304 362 399 446 512 631 711 724 850 911 924 972 1199 1247 
13 58 136 236 256 305 363 400 447 513 632 712 725 851 912 925 973 1200 1248 
37 88 145 228 296 346 393 517 546 616 630 693 785 829 896 1000 1030 1058 1201 
38 89 146 229 297 347 394 518 547 617 631 694 786 830 897 1001 1031 1059 1202 
39 90 147 230 298 348 395 519 548 618 632 695 787 831 898 1002 1032 1060 1203 
40 91 148 231 299 349 396 520 549 619 633 696 788 832 899 1003 1033 1061 1204 
41 92 149 232 300 350 397 521 550 620 634 697 789 833 900 1004 1034 1062 1205 
42 93 150 233 301 351 398 522 551 621 635 698 790 834 901 1005 1035 1063 1206 
43 94 151 234 302 352 399 523 552 622 636 699 791 835 902 1006 1036 1064 1207 
44 95 152 235 303 353 400 524 553 623 637 700 792 836 903 1007 1037 1065 1208 
45 96 153 236 304 354 401 525 554 624 638 701 793 837 904 1008 1038 1066 1209 
46 49 154 237 305 355 402 526 555 577 639 702 794 838 905 961 1039 1067 1210 
47 50 155 238 306 356 403 527 556 578 640 703 795 839 906 962 1040 1068 1211 
48 51 156 239 307 357 404 528 557 579 641 704 796 840 907 963 1041 1069 1212 
1 52 157 240 308 358 405 481 558 580 642 705 797 841 908 964 1042 1070 1213 
2 53 158 193 309 359 406 482 559 581 643 706 798 842 909 965 1043 1071 1214 
3 54 159 194 310 360 407 483 560 582 644 707 799 843 910 966 1044 1072 1215 
4 55 160 195 311 361 408 484 561 583 645 708 800 844 911 967 1045 1073 1216 
5 56 161 196 312 362 409 485 562 584 646 709 801 845 912 968 1046 1074 1217 
6 57 162 197 313 363 410 486 563 585 647 710 802 846 865 969 1047 1075 1218 
7 58 163 198 314 364 411 487 564 586 648 711 803 847 866 970 1048 1076 1219 
8 59 164 199 315 365 412 488 565 587 649 712 804 848 867 971 1049 1077 1220 
9 60 165 200 316 366 413 489 566 588 650 713 805 849 868 972 1050 1078 1221 
10 61 166 201 317 367 414 490 567 589 651 714 806 850 869 973 1051 1079 1222 
11 62 167 202 318 368 415 491 568 590 652 715 807 851 870 974 1052 1080 1223 
12 63 168 203 319 369 416 492 569 591 653 716 808 852 871 975 1053 1081 1224 
13 64 169 204 320 370 417 493 570 592 654 717 809 853 872 976 1054 1082 1225 
14 65 170 205 321 371 418 494 571 593 655 718 810 854 873 977 1055 1083 1226 
15 66 171 206 322 372 419 495 572 594 656 719 811 855 874 978 1056 1084 1227 
16 67 172 207 323 373 420 496 573 595 657 720 812 856 875 979 1009 1085 1228 
17 68 173 208 324 374 421 497 574 596 658 673 813 857 876 980 1010 1086 1229 
18 69 174 209 325 375 422 498 575 597 659 674 814 858 877 981 1011 1087 1230 
19 70 175 210 326 376 423 499 576 598 660 675 815 859 878 982 1012 1088 1231 
20 71 176 211 327 377 424 500 529 599 661 676 816 860 879 983 1013 1089 1232 
21 72 177 212 328 378 425 501 530 600 662 677 769 861 880 984 1014 1090 1233 
22 73 178 213 329 379 426 502 531 601 663 678 770 862 881 985 1015 1091 1234 
23 74 179 214 330 380 427 503 532 602 664 679 771 863 882 986 1016 1092 1235 
24 75 180 215 331 381 428 504 533 603 665 680 772 864 883 987 1017 1093 1236 
25 76 181 216 332 382 429 505 534 604 666 681 773 817 884 988 1018 1094 1237 
26 77 182 217 333 383 430 506 535 605 667 682 774 818 885 989 1019 1095 1238 
27 78 183 218 334 384 431 507 536 606 668 683 775 819 886 990 1020 1096 1239 
28 79 184 219 335 337 432 508 537 607 669 684 776 820 887 991 1021 1097 1240 
29 80 185 220 336 338 385 509 538 608 670 685 777 821 888 992 1022 1098 1241 
30 81 186 221 289 339 386 510 539 609 671 686 778 822 889 993 1023 1099 1242 
31 82 187 222 290 340 387 511 540 610 672 687 779 823 890 994 1024 1100 1243 
32 83 188 223 291 341 388 512 541 611 625 688 780 824 891 995 1025 1101 1244 
33 84 189 224 292 342 389 513 542 612 626 689 781 825 892 996 1026 1102 1245 
34 85 190 225 293 343 390 514 543 613 627 690 782 826 893 997 1027 1103 1246 
35 86 191 226 294 344 391 515 544 614 628 691 783 827 894 998 1028 1104 1247 
36 87 192 227 295 345 392 516 545 615 629 692 784 828 895 999 1029 1057 1248 
45 86 1249 
46 87 1250 
47 88 1251 
48 89 1252 
1 90 1253 
2 91 1254 
3 92 1255 
4 93 1256 
5 94 1257 
6 95 1258 
7 96 1259 
8 49 1260 
9 50 1261 
10 51 1262 
11 52 1263 
12 53 1264 
13 54 1265 
14 55 1266 
15 56 1267 
16 57 1268 
17 58 1269 
18 59 1270 
19 60 1271 
20 61 1272 
21 62 1273 
22 63 1274 
23 64 1275 
24 65 1276 
25 66 1277 
26 67 1278 
27 68 1279 
28 69 1280 
29 70 1281 
30 71 1282 
31 72 1283 
32 73 1284 
33 74 1285 
34 75 1286 
35 76 1287 
36 77 1288 
37 78 1289 
38 79 1290 
39 80 1291 
40 81 1292 
41 82 1293 
42 83 1294 
43 84 1295 
44 85 1296 
4 63 164 599 770 1012 1070 1297 
5 64 165 600 771 1013 1071 1298 
6 65 166 601 772 1014 1072 1299 
7 66 167 602 773 1015 1073 1300 
8 67 168 603 774 1016 1074 1301 
9 68 169 604 775 1017 1075 1302 
10 69 170 605 776 1018 1076 1303 
11 70 171 606 777 1019 1077 1304 
12 71 172 607 778 1020 1078 1305 
13 72 173 608 779 1021 1079 1306 
14 73 174 609 780 1022 1080 1307 
15 74 175 610 781 1023 1081 1308 
16 75 176 611 782 1024 1082 1309 
17 76 177 612 783 1025 1083 1310 
18 77 178 613 784 1026 1084 1311 
19 78 179 614 785 1027 1085 1312 
20 79 180 615 786 1028 1086 1313 
21 80 181 616 787 1029 1087 1314 
22 81 182 617 788 1030 1088 1315 
23 82 183 618 789 1031 1089 1316 
24 83 184 619 790 1032 1090 1317 
25 84 185 620 791 1033 1091 1318 
26 85 186 621 792 1034 1092 1319 
27 86 187 622 793 1035 1093 1320 
28 87 188 623 794 1036 1094 1321 
29 88 189 624 795 1037 1095 1322 
30 89 190 577 796 1038 1096 1323 
31 90 191 578 797 1039 1097 1324 
32 91 192 579 798 1040 1098 1325 
33 92 145 580 799 1041 1099 1326 
34 93 146 581 800 1042 1100 1327 
35 94 147 582 801 1043 1101 1328 
36 95 148 583 802 1044 1102 1329 
37 96 149 584 803 1045 1103 1330 
38 49 150 585 804 1046 1104 1331 
39 50 151 586 805 1047 1057 1332 
40 51 152 587 806 1048 1058 1333 
41 52 153 588 807 1049 1059 1334 
42 53 154 589 808 1050 1060 1335 
43 54 155 590 809 1051 1061 1336 
44 55 156 591 810 1052 1062 1337 
45 56 157 592 811 1053 1063 1338 
46 57 158 593 812 1054 1064 1339 
47 58 159 594 813 1055 1065 1340 
48 59 160 595 814 1056 1066 1341 
1 60 161 596 815 1009 1067 1342 
2 61 162 597 816 1010 1068 1343 
3 62 163 598 769 1011 1069 1344 
39 306 482 544 669 830 883 994 1345 
40 307 483 545 670 831 884 995 1346 
41 308 484 546 671 832 885 996 1347 
42 309 485 547 672 833 886 997 1348 
43 310 486 548 625 834 887 998 1349 
44 311 487 549 626 835 888 999 1350 
45 312 488 550 627 836 889 1000 1351 
46 313 489 551 628 837 890 1001 1352 
47 314 490 552 629 838 891 1002 1353 
48 315 491 553 630 839 892 1003 1354 
1 316 492 554 631 840 893 1004 1355 
2 317 493 555 632 841 894 1005 1356 
3 318 494 556 633 842 895 1006 1357 
4 319 495 557 634 843 896 1007 1358 
5 320 496 558 635 844 897 1008 1359 
6 321 497 559 636 845 898 961 1360 
7 322 498 560 637 846 899 962 1361 
8 323 499 561 638 847 900 963 1362 
9 324 500 562 639 848 901 964 1363 
10 325 501 563 640 849 902 965 1364 
11 326 502 564 641 850 903 966 1365 
12 327 503 565 642 851 904 967 1366 
13 328 504 566 643 852 905 968 1367 
14 329 505 567 644 853 906 969 1368 
15 330 506 568 645 854 907 970 1369 
16 331 507 569 646 855 908 971 1370 
17 332 508 570 647 856 909 972 1371 
18 333 509 571 648 857 910 973 1372 
19 334 510 572 649 858 911 974 1373 
20 335 511 573 650 859 912 975 1374 
21 336 512 574 651 860 865 976 1375 
22 289 513 575 652 861 866 977 1376 
23 290 514 576 653 862 867 978 1377 
24 291 515 529 654 863 868 979 1378 
25 292 516 530 655 864 869 980 1379 
26 293 517 531 656 817 870 981 1380 
27 294 518 532 657 818 871 982 1381 
28 295 519 533 658 819 872 983 1382 
29 296 520 534 659 820 873 984 1383 
30 297 521 535 660 821 874 985 1384 
31 298 522 536 661 822 875 986 1385 
32 299 523 537 662 823 876 987 1386 
33 300 524 538 663 824 877 988 1387 
34 301 525 539 664 825 878 989 1388 
35 302 526 540 665 826 879 990 1389 
36 303 527 541 666 827 880 991 1390 
37 304 528 542 667 828 881 992 1391 
38 305 481 543 668 829 882 993 1392 
10 63 221 382 387 691 1393 
11 64 222 383 388 692 1394 
12 65 223 384 389 693 1395 
13 66 224 337 390 694 1396 
14 67 225 338 391 695 1397 
15 68 226 339 392 696 1398 
16 69 227 340 393 697 1399 
17 70 228 341 394 698 1400 
18 71 229 342 395 699 1401 
19 72 230 343 396 700 1402 
20 73 231 344 397 701 1403 
21 74 232 345 398 702 1404 
22 75 233 346 399 703 1405 
23 76 234 347 400 704 1406 
24 77 235 348 401 705 1407 
25 78 236 349 402 706 1408 
26 79 237 350 403 707 1409 
27 80 238 351 404 708 1410 
28 81 239 352 405 709 1411 
29 82 240 353 406 710 1412 
30 83 193 354 407 711 1413 
31 84 194 355 408 712 1414 
32 85 195 356 409 713 1415 
33 86 196 357 410 714 1416 
34 87 197 358 411 715 1417 
35 88 198 359 412 716 1418 
36 89 199 360 413 717 1419 
37 90 200 361 414 718 1420 
38 91 201 362 415 719 1421 
39 92 202 363 416 720 1422 
40 93 203 364 417 673 1423 
41 94 204 365 418 674 1424 
42 95 205 366 419 675 1425 
43 96 206 367 420 676 1426 
44 49 207 368 421 677 1427 
45 50 208 369 422 678 1428 
46 51 209 370 423 679 1429 
47 52 210 371 424 680 1430 
48 53 211 372 425 681 1431 
1 54 212 373 426 682 1432 
2 55 213 374 427 683 1433 
3 56 214 375 428 684 1434 
4 57 215 376 429 685 1435 
5 58 216 377 430 686 1436 
6 59 217 378 431 687 1437 
7 60 218 379 432 688 1438 
8 61 219 380 385 689 1439 
9 62 220 381 386 690 1440 
20 84 166 595 808 945 1041 1076 1179 1441 
21 85 167 596 809 946 1042 1077 1180 1442 
22 86 168 597 810 947 1043 1078 1181 1443 
23 87 169 598 811 948 1044 1079 1182 1444 
24 88 170 599 812 949 1045 1080 1183 1445 
25 89 171 600 813 950 1046 1081 1184 1446 
26 90 172 601 814 951 1047 1082 1185 1447 
27 91 173 602 815 952 1048 1083 1186 1448 
28 92 174 603 816 953 1049 1084 1187 1449 
29 93 175 604 769 954 1050 1085 1188 1450 
30 94 176 605 770 955 1051 1086 1189 1451 
31 95 177 606 771 956 1052 1087 1190 1452 
32 96 178 607 772 957 1053 1088 1191 1453 
33 49 179 608 773 958 1054 1089 1192 1454 
34 50 180 609 774 959 1055 1090 1193 1455 
35 51 181 610 775 960 1056 1091 1194 1456 
36 52 182 611 776 913 1009 1092 1195 1457 
37 53 183 612 777 914 1010 1093 1196 1458 
38 54 184 613 778 915 1011 1094 1197 1459 
39 55 185 614 779 916 1012 1095 1198 1460 
40 56 186 615 780 917 1013 1096 1199 1461 
41 57 187 616 781 918 1014 1097 1200 1462 
42 58 188 617 782 919 1015 1098 1153 1463 
43 59 189 618 783 920 1016 1099 1154 1464 
44 60 190 619 784 921 1017 1100 1155 1465 
45 61 191 620 785 922 1018 1101 1156 1466 
46 62 192 621 786 923 1019 1102 1157 1467 
47 63 145 622 787 924 1020 1103 1158 1468 
48 64 146 623 788 925 1021 1104 1159 1469 
1 65 147 624 789 926 1022 1057 1160 1470 
2 66 148 577 790 927 1023 1058 1161 1471 
3 67 149 578 791 928 1024 1059 1162 1472 
4 68 150 579 792 929 1025 1060 1163 1473 
5 69 151 580 793 930 1026 1061 1164 1474 
6 70 152 581 794 931 1027 1062 1165 1475 
7 71 153 582 795 932 1028 1063 1166 1476 
8 72 154 583 796 933 1029 1064 1167 1477 
9 73 155 584 797 934 1030 1065 1168 1478 
10 74 156 585 798 935 1031 1066 1169 1479 
11 75 157 586 799 936 1032 1067 1170 1480 
12 76 158 587 800 937 1033 1068 1171 1481 
13 77 159 588 801 938 1034 1069 1172 1482 
14 78 160 589 802 939 1035 1070 1173 1483 
15 79 161 590 803 940 1036 1071 1174 1484 
16 80 162 591 804 941 1037 1072 1175 1485 
17 81 163 592 805 942 1038 1073 1176 1486 
18 82 164 593 806 943 1039 1074 1177 1487 
19 83 165 594 807 944 1040 1075 1178 1488 
31 89 514 566 634 832 880 995 1489 
32 90 515 567 635 833 881 996 1490 
33 91 516 568 636 834 882 997 1491 
34 92 517 569 637 835 883 998 1492 
35 93 518 570 638 836 884 999 1493 
36 94 519 571 639 837 885 1000 1494 
37 95 520 572 640 838 886 1001 1495 
38 96 521 573 641 839 887 1002 1496 
39 49 522 574 642 840 888 1003 1497 
40 50 523 575 643 841 889 1004 1498 
41 51 524 576 644 842 890 1005 1499 
42 52 525 529 645 843 891 1006 1500 
43 53 526 530 646 844 892 1007 1501 
44 54 527 531 647 845 893 1008 1502 
45 55 528 532 648 846 894 961 1503 
46 56 481 533 649 847 895 962 1504 
47 57 482 534 650 848 896 963 1505 
48 58 483 535 651 849 897 964 1506 
1 59 484 536 652 850 898 965 1507 
2 60 485 537 653 851 899 966 1508 
3 61 486 538 654 852 900 967 1509 
4 62 487 539 655 853 901 968 1510 
5 63 488 540 656 854 902 969 1511 
6 64 489 541 657 855 903 970 1512 
7 65 490 542 658 856 904 971 1513 
8 66 491 543 659 857 905 972 1514 
9 67 492 544 660 858 906 973 1515 
10 68 493 545 661 859 907 974 1516 
11 69 494 546 662 860 908 975 1517 
12 70 495 547 663 861 909 976 1518 
13 71 496 548 664 862 910 977 1519 
14 72 497 549 665 863 911 978 1520 
15 73 498 550 666 864 912 979 1521 
16 74 499 551 667 817 865 980 1522 
17 75 500 552 668 818 866 981 1523 
18 76 501 553 669 819 867 982 1524 
19 77 502 554 670 820 868 983 1525 
20 78 503 555 671 821 869 984 1526 
21 79 504 556 672 822 870 985 1527 
22 80 505 557 625 823 871 986 1528 
23 81 506 558 626 824 872 987 1529 
24 82 507 559 627 825 873 988 1530 
25 83 508 560 628 826 874 989 1531 
26 84 509 561 629 827 875 990 1532 
27 85 510 562 630 828 876 991 1533 
28 86 511 563 631 829 877 992 1534 
29 87 512 564 632 830 878 993 1535 
30 88 513 565 633 831 879 994 1536 
54 100 227 352 432 691 1537 
55 101 228 353 385 692 1538 
56 102 229 354 386 693 1539 
57 103 230 355 387 694 1540 
58 104 231 356 388 695 1541 
59 105 232 357 389 696 1542 
60 106 233 358 390 697 1543 
61 107 234 359 391 698 1544 
62 108 235 360 392 699 1545 
63 109 236 361 393 700 1546 
64 110 237 362 394 701 1547 
65 111 238 363 395 702 1548 
66 112 239 364 396 703 1549 
67 113 240 365 397 704 1550 
68 114 193 366 398 705 1551 
69 115 194 367 399 706 1552 
70 116 195 368 400 707 1553 
71 117 196 369 401 708 1554 
72 118 197 370 402 709 1555 
73 119 198 371 403 710 1556 
74 120 199 372 404 711 1557 
75 121 200 373 405 712 1558 
76 122 201 374 406 713 1559 
77 123 202 375 407 714 1560 
78 124 203 376 408 715 1561 
79 125 204 377 409 716 1562 
80 126 205 378 410 717 1563 
81 127 206 379 411 718 1564 
82 128 207 380 412 719 1565 
83 129 208 381 413 720 1566 
84 130 209 382 414 673 1567 
85 131 210 383 415 674 1568 
86 132 211 384 416 675 1569 
87 133 212 337 417 676 1570 
88 134 213 338 418 677 1571 
89 135 214 339 419 678 1572 
90 136 215 340 420 679 1573 
91 137 216 341 421 680 1574 
92 138 217 342 422 681 1575 
93 139 218 343 423 682 1576 
94 140 219 344 424 683 1577 
95 141 220 345 425 684 1578 
96 142 221 346 426 685 1579 
49 143 222 347 427 686 1580 
50 144 223 348 428 687 1581 
51 97 224 349 429 688 1582 
52 98 225 350 430 689 1583 
53 99 226 351 431 690 1584 
1 55 585 816 1053 1103 1124 1585 
2 56 586 769 1054 1104 1125 1586 
3 57 587 770 1055 1057 1126 1587 
4 58 588 771 1056 1058 1127 1588 
5 59 589 772 1009 1059 1128 1589 
6 60 590 773 1010 1060 1129 1590 
7 61 591 774 1011 1061 1130 1591 
8 62 592 775 1012 1062 1131 1592 
9 63 593 776 1013 1063 1132 1593 
10 64 594 777 1014 1064 1133 1594 
11 65 595 778 1015 1065 1134 1595 
12 66 596 779 1016 1066 1135 1596 
13 67 597 780 1017 1067 1136 1597 
14 68 598 781 1018 1068 1137 1598 
15 69 599 782 1019 1069 1138 1599 
16 70 600 783 1020 1070 1139 1600 
17 71 601 784 1021 1071 1140 1601 
18 72 602 785 1022 1072 1141 1602 
19 73 603 786 1023 1073 1142 1603 
20 74 604 787 1024 1074 1143 1604 
21 75 605 788 1025 1075 1144 1605 
22 76 606 789 1026 1076 1145 1606 
23 77 607 790 1027 1077 1146 1607 
24 78 608 791 1028 1078 1147 1608 
25 79 609 792 1029 1079 1148 1609 
26 80 610 793 1030 1080 1149 1610 
27 81 611 794 1031 1081 1150 1611 
28 82 612 795 1032 1082 1151 1612 
29 83 613 796 1033 1083 1152 1613 
30 84 614 797 1034 1084 1105 1614 
31 85 615 798 1035 1085 1106 1615 
32 86 616 799 1036 1086 1107 1616 
33 87 617 800 1037 1087 1108 1617 
34 88 618 801 1038 1088 1109 1618 
35 89 619 802 1039 1089 1110 1619 
36 90 620 803 1040 1090 1111 1620 
37 91 621 804 1041 1091 1112 1621 
38 92 622 805 1042 1092 1113 1622 
39 93 623 806 1043 1093 1114 1623 
40 94 624 807 1044 1094 1115 1624 
41 95 577 808 1045 1095 1116 1625 
42 96 578 809 1046 1096 1117 1626 
43 49 579 810 1047 1097 1118 1627 
44 50 580 811 1048 1098 1119 1628 
45 51 581 812 1049 1099 1120 1629 
46 52 582 813 1050 1100 1121 1630 
47 53 583 814 1051 1101 1122 1631 
48 54 584 815 1052 1102 1123 1632 
30 91 511 569 627 891 1633 
31 92 512 570 628 892 1634 
32 93 513 571 629 893 1635 
33 94 514 572 630 894 1636 
34 95 515 573 631 895 1637 
35 96 516 574 632 896 1638 
36 49 517 575 633 897 1639 
37 50 518 576 634 898 1640 
38 51 519 529 635 899 1641 
39 52 520 530 636 900 1642 
40 53 521 531 637 901 1643 
41 54 522 532 638 902 1644 
42 55 523 533 639 903 1645 
43 56 524 534 640 904 1646 
44 57 525 535 641 905 1647 
45 58 526 536 642 906 1648 
46 59 527 537 643 907 1649 
47 60 528 538 644 908 1650 
48 61 481 539 645 909 1651 
1 62 482 540 646 910 1652 
2 63 483 541 647 911 1653 
3 64 484 542 648 912 1654 
4 65 485 543 649 865 1655 
5 66 486 544 650 866 1656 
6 67 487 545 651 867 1657 
7 68 488 546 652 868 1658 
8 69 489 547 653 869 1659 
9 70 490 548 654 870 1660 
10 71 491 549 655 871 1661 
11 72 492 550 656 872 1662 
12 73 493 551 657 873 1663 
13 74 494 552 658 874 1664 
14 75 495 553 659 875 1665 
15 76 496 554 660 876 1666 
16 77 497 555 661 877 1667 
17 78 498 556 662 878 1668 
18 79 499 557 663 879 1669 
19 80 500 558 664 880 1670 
20 81 501 559 665 881 1671 
21 82 502 560 666 882 1672 
22 83 503 561 667 883 1673 
23 84 504 562 668 884 1674 
24 85 505 563 669 885 1675 
25 86 506 564 670 886 1676 
26 87 507 565 671 887 1677 
27 88 508 566 672 888 1678 
28 89 509 567 625 889 1679 
29 90 510 568 626 890 1680 
