1248 192
4 19
4 4 4 4 4 4 4 4 4 4 4 4 4 4 4 4 4 4 4 4 4 4 4 4 4 4 4 4 4 4 4 4 4 4 4 4 4 4 4 4 4 4 4 4 4 4 4 4 3 3 3 3 3 3 3 3 3 3 3 3 3 3 3 3 3 3 3 3 3 3 3 3 3 3 3 3 3 3 3 3 3 3 3 3 3 3 3 3 3 3 3 3 3 3 3 3 3 3 3 3 3 3 3 3 3 3 3 3 3 3 3 3 3 3 3 3 3 3 3 3 3 3 3 3 3 3 3 3 3 3 3 3 3 3 3 3 3 3 3 3 3 3 3 3 3 3 3 3 3 3 3 3 3 3 3 3 3 3 3 3 3 3 3 3 3 3 3 3 3 3 3 3 3 3 3 3 3 3 3 3 3 3 3 3 3 3 3 3 3 3 3 3 3 3 3 3 3 3 3 3 3 3 3 3 3 3 3 3 3 3 3 3 3 3 3 3 3 3 3 3 3 3 3 3 3 3 3 3 3 3 3 3 3 3 3 3 3 3 3 3 3 3 3 3 3 3 3 3 3 3 3 3 3 3 3 3 3 3 3 3 3 3 3 3 3 3 3 3 3 3 3 3 3 3 3 3 3 3 3 3 3 3 3 3 3 3 3 3 3 3 3 3 3 3 3 3 3 3 3 3 3 3 3 3 3 3 3 3 3 3 3 3 3 3 3 3 3 3 3 3 3 3 3 3 3 3 3 3 3 3 3 3 3 3 3 3 3 3 3 3 3 3 3 3 3 3 3 3 3 3 3 3 3 3 3 3 3 3 3 3 3 3 3 3 3 3 3 3 3 3 3 3 3 3 3 3 3 3 3 3 3 3 3 3 3 3 3 3 3 3 3 3 3 3 3 3 3 3 3 3 3 3 3 3 3 3 3 3 3 3 3 3 3 3 3 3 3 3 3 3 3 3 3 3 3 3 3 3 3 3 3 3 3 3 3 3 3 3 3 3 3 3 3 3 3 3 3 3 3 3 3 3 3 3 3 3 3 3 3 3 3 3 3 3 3 3 3 3 3 3 3 3 3 3 3 3 3 3 3 3 3 3 3 3 3 3 3 3 3 3 3 3 3 3 3 3 3 3 3 3 3 3 3 3 3 3 3 3 3 3 3 3 3 3 3 3 3 3 3 3 3 3 3 3 3 3 3 3 3 3 3 3 3 3 3 3 3 3 3 3 3 3 3 3 3 3 3 3 3 3 3 3 3 3 3 3 3 3 3 3 3 3 3 3 3 3 3 3 3 3 3 3 3 3 3 3 3 3 3 3 3 3 3 3 3 3 3 3 3 3 3 3 3 3 3 3 3 3 3 3 3 3 3 3 3 3 3 3 3 3 3 3 3 3 3 3 3 3 3 3 3 3 3 3 3 3 3 3 3 3 3 3 3 3 3 3 3 3 3 3 3 3 3 3 3 3 3 3 3 3 3 3 3 3 3 3 3 3 3 3 3 3 3 3 3 3 3 3 3 3 3 3 3 3 3 3 3 3 3 3 3 3 3 3 3 3 3 3 3 3 3 3 3 3 3 3 3 3 3 3 3 3 3 3 3 3 3 3 3 3 3 3 3 3 3 3 3 3 3 3 3 3 3 3 3 3 3 3 3 3 3 3 3 3 3 3 3 3 3 3 3 3 3 3 3 3 3 3 3 3 3 3 3 3 3 3 3 3 3 3 3 3 3 3 3 3 3 3 3 3 3 3 3 3 3 3 3 3 3 3 3 3 3 3 3 3 3 3 3 3 3 3 3 3 3 3 3 3 3 3 3 3 3 3 3 3 3 3 3 3 3 3 3 3 3 3 3 3 3 3 3 3 3 3 3 3 3 3 3 3 3 3 3 3 3 3 3 3 3 3 3 3 3 3 3 3 3 3 3 3 3 3 3 3 3 3 3 3 3 3 3 3 3 3 3 3 3 3 3 3 3 3 3 3 3 3 3 3 3 3 3 3 3 3 3 3 3 3 3 3 3 3 3 3 3 3 3 3 3 3 3 3 3 3 3 3 3 3 3 3 3 3 3 3 3 3 3 3 3 3 3 3 3 3 3 3 3 3 3 3 3 3 3 3 3 3 3 3 3 3 3 3 3 3 3 3 3 3 3 3 3 3 3 3 3 3 3 3 3 3 3 3 3 3 3 3 3 3 3 3 3 3 3 3 3 3 3 3 3 3 3 3 3 3 3 3 3 3 3 3 3 3 3 3 3 3 3 3 3 3 3 3 3 3 3 3 3 3 3 3 3 3 3 3 3 3 3 3 3 3 3 3 3 3 3 3 3 3 3 3 3 3 3 3 3 3 3 3 3 3 3 3 3 3 3 3 3 3 3 3 3 3 3 3 3 3 3 3 3 3 3 3 3 3 3 3 3 3 3 3 3 3 3 3 3 3 3 3 3 3 3 3 3 3 3 3 3 3 3 3 3 3 3 3 3 3 3 3 3 3 3 3 3 3 2 2 2 2 2 2 2 2 2 2 2 2 2 2 2 2 2 2 2 2 2 2 2 2 2 2 2 2 2 2 2 2 2 2 2 2 2 2 2 2 2 2 2 2 2 2 2 2 2 2 2 2 2 2 2 2 2 2 2 2 2 2 2 2 2 2 2 2 2 2 2 2 2 2 2 2 2 2 2 2 2 2 2 2 2 2 2 2 2 2 2 2 2 2 2 2 2 2 2 2 2 2 2 2 2 2 2 2 2 2 2 2 2 2 2 2 2 2 2 2 2 2 2 2 2 2 2 2 2 2 2 2 2 2 2 2 2 2 2 2 2 2 2 2 
19 19 19 19 19 19 19 19 19 19 19 19 19 19 19 19 19 19 19 19 19 19 19 19 19 19 19 19 19 19 19 19 19 19 19 19 19 19 19 19 19 19 19 19 19 19 19 19 19 19 19 19 19 19 19 19 19 19 19 19 19 19 19 19 19 19 19 19 19 19 19 19 19 19 19 19 19 19 19 19 19 19 19 19 19 19 19 19 19 19 19 19 19 19 19 19 19 19 19 19 19 19 19 19 19 19 19 19 19 19 19 19 19 19 19 19 19 19 19 19 19 19 19 19 19 19 19 19 19 19 19 19 19 19 19 19 19 19 19 19 19 19 19 19 19 19 19 19 19 19 19 19 19 19 19 19 19 19 19 19 19 19 19 19 19 19 19 19 19 19 19 19 19 19 19 19 19 19 19 19 19 19 19 19 19 19 19 19 19 19 19 19 
30 69 132 157 
31 70 133 158 
32 71 134 159 
33 72 135 160 
34 73 136 161 
35 74 137 162 
36 75 138 163 
37 76 139 164 
38 77 140 165 
39 78 141 166 
40 79 142 167 
41 80 143 168 
42 81 144 169 
43 82 97 170 
44 83 98 171 
45 84 99 172 
46 85 100 173 
47 86 101 174 
48 87 102 175 
1 88 103 176 
2 89 104 177 
3 90 105 178 
4 91 106 179 
5 92 107 180 
6 93 108 181 
7 94 109 182 
8 95 110 183 
9 96 111 184 
10 49 112 185 
11 50 113 186 
12 51 114 187 
13 52 115 188 
14 53 116 189 
15 54 117 190 
16 55 118 191 
17 56 119 192 
18 57 120 145 
19 58 121 146 
20 59 122 147 
21 60 123 148 
22 61 124 149 
23 62 125 150 
24 63 126 151 
25 64 127 152 
26 65 128 153 
27 66 129 154 
28 67 130 155 
29 68 131 156 
30 135 154 
31 136 155 
32 137 156 
33 138 157 
34 139 158 
35 140 159 
36 141 160 
37 142 161 
38 143 162 
39 144 163 
40 97 164 
41 98 165 
42 99 166 
43 100 167 
44 101 168 
45 102 169 
46 103 170 
47 104 171 
48 105 172 
1 106 173 
2 107 174 
3 108 175 
4 109 176 
5 110 177 
6 111 178 
7 112 179 
8 113 180 
9 114 181 
10 115 182 
11 116 183 
12 117 184 
13 118 185 
14 119 186 
15 120 187 
16 121 188 
17 122 189 
18 123 190 
19 124 191 
20 125 192 
21 126 145 
22 127 146 
23 128 147 
24 129 148 
25 130 149 
26 131 150 
27 132 151 
28 133 152 
29 134 153 
47 69 105 
48 70 106 
1 71 107 
2 72 108 
3 73 109 
4 74 110 
5 75 111 
6 76 112 
7 77 113 
8 78 114 
9 79 115 
10 80 116 
11 81 117 
12 82 118 
13 83 119 
14 84 120 
15 85 121 
16 86 122 
17 87 123 
18 88 124 
19 89 125 
20 90 126 
21 91 127 
22 92 128 
23 93 129 
24 94 130 
25 95 131 
26 96 132 
27 49 133 
28 50 134 
29 51 135 
30 52 136 
31 53 137 
32 54 138 
33 55 139 
34 56 140 
35 57 141 
36 58 142 
37 59 143 
38 60 144 
39 61 97 
40 62 98 
41 63 99 
42 64 100 
43 65 101 
44 66 102 
45 67 103 
46 68 104 
16 72 145 
17 73 146 
18 74 147 
19 75 148 
20 76 149 
21 77 150 
22 78 151 
23 79 152 
24 80 153 
25 81 154 
26 82 155 
27 83 156 
28 84 157 
29 85 158 
30 86 159 
31 87 160 
32 88 161 
33 89 162 
34 90 163 
35 91 164 
36 92 165 
37 93 166 
38 94 167 
39 95 168 
40 96 169 
41 49 170 
42 50 171 
43 51 172 
44 52 173 
45 53 174 
46 54 175 
47 55 176 
48 56 177 
1 57 178 
2 58 179 
3 59 180 
4 60 181 
5 61 182 
6 62 183 
7 63 184 
8 64 185 
9 65 186 
10 66 187 
11 67 188 
12 68 189 
13 69 190 
14 70 191 
15 71 192 
49 101 158 
50 102 159 
51 103 160 
52 104 161 
53 105 162 
54 106 163 
55 107 164 
56 108 165 
57 109 166 
58 110 167 
59 111 168 
60 112 169 
61 113 170 
62 114 171 
63 115 172 
64 116 173 
65 117 174 
66 118 175 
67 119 176 
68 120 177 
69 121 178 
70 122 179 
71 123 180 
72 124 181 
73 125 182 
74 126 183 
75 127 184 
76 128 185 
77 129 186 
78 130 187 
79 131 188 
80 132 189 
81 133 190 
82 134 191 
83 135 192 
84 136 145 
85 137 146 
86 138 147 
87 139 148 
88 140 149 
89 141 150 
90 142 151 
91 143 152 
92 144 153 
93 97 154 
94 98 155 
95 99 156 
96 100 157 
12 49 129 
13 50 130 
14 51 131 
15 52 132 
16 53 133 
17 54 134 
18 55 135 
19 56 136 
20 57 137 
21 58 138 
22 59 139 
23 60 140 
24 61 141 
25 62 142 
26 63 143 
27 64 144 
28 65 97 
29 66 98 
30 67 99 
31 68 100 
32 69 101 
33 70 102 
34 71 103 
35 72 104 
36 73 105 
37 74 106 
38 75 107 
39 76 108 
40 77 109 
41 78 110 
42 79 111 
43 80 112 
44 81 113 
45 82 114 
46 83 115 
47 84 116 
48 85 117 
1 86 118 
2 87 119 
3 88 120 
4 89 121 
5 90 122 
6 91 123 
7 92 124 
8 93 125 
9 94 126 
10 95 127 
11 96 128 
25 128 186 
26 129 187 
27 130 188 
28 131 189 
29 132 190 
30 133 191 
31 134 192 
32 135 145 
33 136 146 
34 137 147 
35 138 148 
36 139 149 
37 140 150 
38 141 151 
39 142 152 
40 143 153 
41 144 154 
42 97 155 
43 98 156 
44 99 157 
45 100 158 
46 101 159 
47 102 160 
48 103 161 
1 104 162 
2 105 163 
3 106 164 
4 107 165 
5 108 166 
6 109 167 
7 110 168 
8 111 169 
9 112 170 
10 113 171 
11 114 172 
12 115 173 
13 116 174 
14 117 175 
15 118 176 
16 119 177 
17 120 178 
18 121 179 
19 122 180 
20 123 181 
21 124 182 
22 125 183 
23 126 184 
24 127 185 
54 118 184 
55 119 185 
56 120 186 
57 121 187 
58 122 188 
59 123 189 
60 124 190 
61 125 191 
62 126 192 
63 127 145 
64 128 146 
65 129 147 
66 130 148 
67 131 149 
68 132 150 
69 133 151 
70 134 152 
71 135 153 
72 136 154 
73 137 155 
74 138 156 
75 139 157 
76 140 158 
77 141 159 
78 142 160 
79 143 161 
80 144 162 
81 97 163 
82 98 164 
83 99 165 
84 100 166 
85 101 167 
86 102 168 
87 103 169 
88 104 170 
89 105 171 
90 106 172 
91 107 173 
92 108 174 
93 109 175 
94 110 176 
95 111 177 
96 112 178 
49 113 179 
50 114 180 
51 115 181 
52 116 182 
53 117 183 
54 129 185 
55 130 186 
56 131 187 
57 132 188 
58 133 189 
59 134 190 
60 135 191 
61 136 192 
62 137 145 
63 138 146 
64 139 147 
65 140 148 
66 141 149 
67 142 150 
68 143 151 
69 144 152 
70 97 153 
71 98 154 
72 99 155 
73 100 156 
74 101 157 
75 102 158 
76 103 159 
77 104 160 
78 105 161 
79 106 162 
80 107 163 
81 108 164 
82 109 165 
83 110 166 
84 111 167 
85 112 168 
86 113 169 
87 114 170 
88 115 171 
89 116 172 
90 117 173 
91 118 174 
92 119 175 
93 120 176 
94 121 177 
95 122 178 
96 123 179 
49 124 180 
50 125 181 
51 126 182 
52 127 183 
53 128 184 
20 63 130 
21 64 131 
22 65 132 
23 66 133 
24 67 134 
25 68 135 
26 69 136 
27 70 137 
28 71 138 
29 72 139 
30 73 140 
31 74 141 
32 75 142 
33 76 143 
34 77 144 
35 78 97 
36 79 98 
37 80 99 
38 81 100 
39 82 101 
40 83 102 
41 84 103 
42 85 104 
43 86 105 
44 87 106 
45 88 107 
46 89 108 
47 90 109 
48 91 110 
1 92 111 
2 93 112 
3 94 113 
4 95 114 
5 96 115 
6 49 116 
7 50 117 
8 51 118 
9 52 119 
10 53 120 
11 54 121 
12 55 122 
13 56 123 
14 57 124 
15 58 125 
16 59 126 
17 60 127 
18 61 128 
19 62 129 
1 112 157 
2 113 158 
3 114 159 
4 115 160 
5 116 161 
6 117 162 
7 118 163 
8 119 164 
9 120 165 
10 121 166 
11 122 167 
12 123 168 
13 124 169 
14 125 170 
15 126 171 
16 127 172 
17 128 173 
18 129 174 
19 130 175 
20 131 176 
21 132 177 
22 133 178 
23 134 179 
24 135 180 
25 136 181 
26 137 182 
27 138 183 
28 139 184 
29 140 185 
30 141 186 
31 142 187 
32 143 188 
33 144 189 
34 97 190 
35 98 191 
36 99 192 
37 100 145 
38 101 146 
39 102 147 
40 103 148 
41 104 149 
42 105 150 
43 106 151 
44 107 152 
45 108 153 
46 109 154 
47 110 155 
48 111 156 
36 90 176 
37 91 177 
38 92 178 
39 93 179 
40 94 180 
41 95 181 
42 96 182 
43 49 183 
44 50 184 
45 51 185 
46 52 186 
47 53 187 
48 54 188 
1 55 189 
2 56 190 
3 57 191 
4 58 192 
5 59 145 
6 60 146 
7 61 147 
8 62 148 
9 63 149 
10 64 150 
11 65 151 
12 66 152 
13 67 153 
14 68 154 
15 69 155 
16 70 156 
17 71 157 
18 72 158 
19 73 159 
20 74 160 
21 75 161 
22 76 162 
23 77 163 
24 78 164 
25 79 165 
26 80 166 
27 81 167 
28 82 168 
29 83 169 
30 84 170 
31 85 171 
32 86 172 
33 87 173 
34 88 174 
35 89 175 
32 91 154 
33 92 155 
34 93 156 
35 94 157 
36 95 158 
37 96 159 
38 49 160 
39 50 161 
40 51 162 
41 52 163 
42 53 164 
43 54 165 
44 55 166 
45 56 167 
46 57 168 
47 58 169 
48 59 170 
1 60 171 
2 61 172 
3 62 173 
4 63 174 
5 64 175 
6 65 176 
7 66 177 
8 67 178 
9 68 179 
10 69 180 
11 70 181 
12 71 182 
13 72 183 
14 73 184 
15 74 185 
16 75 186 
17 76 187 
18 77 188 
19 78 189 
20 79 190 
21 80 191 
22 81 192 
23 82 145 
24 83 146 
25 84 147 
26 85 148 
27 86 149 
28 87 150 
29 88 151 
30 89 152 
31 90 153 
28 137 188 
29 138 189 
30 139 190 
31 140 191 
32 141 192 
33 142 145 
34 143 146 
35 144 147 
36 97 148 
37 98 149 
38 99 150 
39 100 151 
40 101 152 
41 102 153 
42 103 154 
43 104 155 
44 105 156 
45 106 157 
46 107 158 
47 108 159 
48 109 160 
1 110 161 
2 111 162 
3 112 163 
4 113 164 
5 114 165 
6 115 166 
7 116 167 
8 117 168 
9 118 169 
10 119 170 
11 120 171 
12 121 172 
13 122 173 
14 123 174 
15 124 175 
16 125 176 
17 126 177 
18 127 178 
19 128 179 
20 129 180 
21 130 181 
22 131 182 
23 132 183 
24 133 184 
25 134 185 
26 135 186 
27 136 187 
72 105 173 
73 106 174 
74 107 175 
75 108 176 
76 109 177 
77 110 178 
78 111 179 
79 112 180 
80 113 181 
81 114 182 
82 115 183 
83 116 184 
84 117 185 
85 118 186 
86 119 187 
87 120 188 
88 121 189 
89 122 190 
90 123 191 
91 124 192 
92 125 145 
93 126 146 
94 127 147 
95 128 148 
96 129 149 
49 130 150 
50 131 151 
51 132 152 
52 133 153 
53 134 154 
54 135 155 
55 136 156 
56 137 157 
57 138 158 
58 139 159 
59 140 160 
60 141 161 
61 142 162 
62 143 163 
63 144 164 
64 97 165 
65 98 166 
66 99 167 
67 100 168 
68 101 169 
69 102 170 
70 103 171 
71 104 172 
26 94 140 
27 95 141 
28 96 142 
29 49 143 
30 50 144 
31 51 97 
32 52 98 
33 53 99 
34 54 100 
35 55 101 
36 56 102 
37 57 103 
38 58 104 
39 59 105 
40 60 106 
41 61 107 
42 62 108 
43 63 109 
44 64 110 
45 65 111 
46 66 112 
47 67 113 
48 68 114 
1 69 115 
2 70 116 
3 71 117 
4 72 118 
5 73 119 
6 74 120 
7 75 121 
8 76 122 
9 77 123 
10 78 124 
11 79 125 
12 80 126 
13 81 127 
14 82 128 
15 83 129 
16 84 130 
17 85 131 
18 86 132 
19 87 133 
20 88 134 
21 89 135 
22 90 136 
23 91 137 
24 92 138 
25 93 139 
39 79 177 
40 80 178 
41 81 179 
42 82 180 
43 83 181 
44 84 182 
45 85 183 
46 86 184 
47 87 185 
48 88 186 
1 89 187 
2 90 188 
3 91 189 
4 92 190 
5 93 191 
6 94 192 
7 95 145 
8 96 146 
9 49 147 
10 50 148 
11 51 149 
12 52 150 
13 53 151 
14 54 152 
15 55 153 
16 56 154 
17 57 155 
18 58 156 
19 59 157 
20 60 158 
21 61 159 
22 62 160 
23 63 161 
24 64 162 
25 65 163 
26 66 164 
27 67 165 
28 68 166 
29 69 167 
30 70 168 
31 71 169 
32 72 170 
33 73 171 
34 74 172 
35 75 173 
36 76 174 
37 77 175 
38 78 176 
79 110 181 
80 111 182 
81 112 183 
82 113 184 
83 114 185 
84 115 186 
85 116 187 
86 117 188 
87 118 189 
88 119 190 
89 120 191 
90 121 192 
91 122 145 
92 123 146 
93 124 147 
94 125 148 
95 126 149 
96 127 150 
49 128 151 
50 129 152 
51 130 153 
52 131 154 
53 132 155 
54 133 156 
55 134 157 
56 135 158 
57 136 159 
58 137 160 
59 138 161 
60 139 162 
61 140 163 
62 141 164 
63 142 165 
64 143 166 
65 144 167 
66 97 168 
67 98 169 
68 99 170 
69 100 171 
70 101 172 
71 102 173 
72 103 174 
73 104 175 
74 105 176 
75 106 177 
76 107 178 
77 108 179 
78 109 180 
47 97 162 
48 98 163 
1 99 164 
2 100 165 
3 101 166 
4 102 167 
5 103 168 
6 104 169 
7 105 170 
8 106 171 
9 107 172 
10 108 173 
11 109 174 
12 110 175 
13 111 176 
14 112 177 
15 113 178 
16 114 179 
17 115 180 
18 116 181 
19 117 182 
20 118 183 
21 119 184 
22 120 185 
23 121 186 
24 122 187 
25 123 188 
26 124 189 
27 125 190 
28 126 191 
29 127 192 
30 128 145 
31 129 146 
32 130 147 
33 131 148 
34 132 149 
35 133 150 
36 134 151 
37 135 152 
38 136 153 
39 137 154 
40 138 155 
41 139 156 
42 140 157 
43 141 158 
44 142 159 
45 143 160 
46 144 161 
13 54 132 
14 55 133 
15 56 134 
16 57 135 
17 58 136 
18 59 137 
19 60 138 
20 61 139 
21 62 140 
22 63 141 
23 64 142 
24 65 143 
25 66 144 
26 67 97 
27 68 98 
28 69 99 
29 70 100 
30 71 101 
31 72 102 
32 73 103 
33 74 104 
34 75 105 
35 76 106 
36 77 107 
37 78 108 
38 79 109 
39 80 110 
40 81 111 
41 82 112 
42 83 113 
43 84 114 
44 85 115 
45 86 116 
46 87 117 
47 88 118 
48 89 119 
1 90 120 
2 91 121 
3 92 122 
4 93 123 
5 94 124 
6 95 125 
7 96 126 
8 49 127 
9 50 128 
10 51 129 
11 52 130 
12 53 131 
7 132 154 
8 133 155 
9 134 156 
10 135 157 
11 136 158 
12 137 159 
13 138 160 
14 139 161 
15 140 162 
16 141 163 
17 142 164 
18 143 165 
19 144 166 
20 97 167 
21 98 168 
22 99 169 
23 100 170 
24 101 171 
25 102 172 
26 103 173 
27 104 174 
28 105 175 
29 106 176 
30 107 177 
31 108 178 
32 109 179 
33 110 180 
34 111 181 
35 112 182 
36 113 183 
37 114 184 
38 115 185 
39 116 186 
40 117 187 
41 118 188 
42 119 189 
43 120 190 
44 121 191 
45 122 192 
46 123 145 
47 124 146 
48 125 147 
1 126 148 
2 127 149 
3 128 150 
4 129 151 
5 130 152 
6 131 153 
39 81 172 
40 82 173 
41 83 174 
42 84 175 
43 85 176 
44 86 177 
45 87 178 
46 88 179 
47 89 180 
48 90 181 
1 91 182 
2 92 183 
3 93 184 
4 94 185 
5 95 186 
6 96 187 
7 49 188 
8 50 189 
9 51 190 
10 52 191 
11 53 192 
12 54 145 
13 55 146 
14 56 147 
15 57 148 
16 58 149 
17 59 150 
18 60 151 
19 61 152 
20 62 153 
21 63 154 
22 64 155 
23 65 156 
24 66 157 
25 67 158 
26 68 159 
27 69 160 
28 70 161 
29 71 162 
30 72 163 
31 73 164 
32 74 165 
33 75 166 
34 76 167 
35 77 168 
36 78 169 
37 79 170 
38 80 171 
48 49 192 
1 50 145 
2 51 146 
3 52 147 
4 53 148 
5 54 149 
6 55 150 
7 56 151 
8 57 152 
9 58 153 
10 59 154 
11 60 155 
12 61 156 
13 62 157 
14 63 158 
15 64 159 
16 65 160 
17 66 161 
18 67 162 
19 68 163 
20 69 164 
21 70 165 
22 71 166 
23 72 167 
24 73 168 
25 74 169 
26 75 170 
27 76 171 
28 77 172 
29 78 173 
30 79 174 
31 80 175 
32 81 176 
33 82 177 
34 83 178 
35 84 179 
36 85 180 
37 86 181 
38 87 182 
39 88 183 
40 89 184 
41 90 185 
42 91 186 
43 92 187 
44 93 188 
45 94 189 
46 95 190 
47 96 191 
1 49 
2 50 
3 51 
4 52 
5 53 
6 54 
7 55 
8 56 
9 57 
10 58 
11 59 
12 60 
13 61 
14 62 
15 63 
16 64 
17 65 
18 66 
19 67 
20 68 
21 69 
22 70 
23 71 
24 72 
25 73 
26 74 
27 75 
28 76 
29 77 
30 78 
31 79 
32 80 
33 81 
34 82 
35 83 
36 84 
37 85 
38 86 
39 87 
40 88 
41 89 
42 90 
43 91 
44 92 
45 93 
46 94 
47 95 
48 96 
49 97 
50 98 
51 99 
52 100 
53 101 
54 102 
55 103 
56 104 
57 105 
58 106 
59 107 
60 108 
61 109 
62 110 
63 111 
64 112 
65 113 
66 114 
67 115 
68 116 
69 117 
70 118 
71 119 
72 120 
73 121 
74 122 
75 123 
76 124 
77 125 
78 126 
79 127 
80 128 
81 129 
82 130 
83 131 
84 132 
85 133 
86 134 
87 135 
88 136 
89 137 
90 138 
91 139 
92 140 
93 141 
94 142 
95 143 
96 144 
97 145 
98 146 
99 147 
100 148 
101 149 
102 150 
103 151 
104 152 
105 153 
106 154 
107 155 
108 156 
109 157 
110 158 
111 159 
112 160 
113 161 
114 162 
115 163 
116 164 
117 165 
118 166 
119 167 
120 168 
121 169 
122 170 
123 171 
124 172 
125 173 
126 174 
127 175 
128 176 
129 177 
130 178 
131 179 
132 180 
133 181 
134 182 
135 183 
136 184 
137 185 
138 186 
139 187 
140 188 
141 189 
142 190 
143 191 
144 192 
20 68 99 178 278 313 462 481 542 594 646 744 779 867 949 1003 1019 1058 1105 
21 69 100 179 279 314 463 482 543 595 647 745 780 868 950 1004 1020 1059 1106 
22 70 101 180 280 315 464 483 544 596 648 746 781 869 951 1005 1021 1060 1107 
23 71 102 181 281 316 465 484 545 597 649 747 782 870 952 1006 1022 1061 1108 
24 72 103 182 282 317 466 485 546 598 650 748 783 871 953 1007 1023 1062 1109 
25 73 104 183 283 318 467 486 547 599 651 749 784 872 954 1008 1024 1063 1110 
26 74 105 184 284 319 468 487 548 600 652 750 785 873 955 961 1025 1064 1111 
27 75 106 185 285 320 469 488 549 601 653 751 786 874 956 962 1026 1065 1112 
28 76 107 186 286 321 470 489 550 602 654 752 787 875 957 963 1027 1066 1113 
29 77 108 187 287 322 471 490 551 603 655 753 788 876 958 964 1028 1067 1114 
30 78 109 188 288 323 472 491 552 604 656 754 789 877 959 965 1029 1068 1115 
31 79 110 189 241 324 473 492 553 605 657 755 790 878 960 966 1030 1069 1116 
32 80 111 190 242 325 474 493 554 606 658 756 791 879 913 967 1031 1070 1117 
33 81 112 191 243 326 475 494 555 607 659 757 792 880 914 968 1032 1071 1118 
34 82 113 192 244 327 476 495 556 608 660 758 793 881 915 969 1033 1072 1119 
35 83 114 145 245 328 477 496 557 609 661 759 794 882 916 970 1034 1073 1120 
36 84 115 146 246 329 478 497 558 610 662 760 795 883 917 971 1035 1074 1121 
37 85 116 147 247 330 479 498 559 611 663 761 796 884 918 972 1036 1075 1122 
38 86 117 148 248 331 480 499 560 612 664 762 797 885 919 973 1037 1076 1123 
39 87 118 149 249 332 433 500 561 613 665 763 798 886 920 974 1038 1077 1124 
40 88 119 150 250 333 434 501 562 614 666 764 799 887 921 975 1039 1078 1125 
41 89 120 151 251 334 435 502 563 615 667 765 800 888 922 976 1040 1079 1126 
42 90 121 152 252 335 436 503 564 616 668 766 801 889 923 977 1041 1080 1127 
43 91 122 153 253 336 437 504 565 617 669 767 802 890 924 978 1042 1081 1128 
44 92 123 154 254 289 438 505 566 618 670 768 803 891 925 979 1043 1082 1129 
45 93 124 155 255 290 439 506 567 619 671 721 804 892 926 980 1044 1083 1130 
46 94 125 156 256 291 440 507 568 620 672 722 805 893 927 981 1045 1084 1131 
47 95 126 157 257 292 441 508 569 621 625 723 806 894 928 982 1046 1085 1132 
48 96 127 158 258 293 442 509 570 622 626 724 807 895 929 983 1047 1086 1133 
1 49 128 159 259 294 443 510 571 623 627 725 808 896 930 984 1048 1087 1134 
2 50 129 160 260 295 444 511 572 624 628 726 809 897 931 985 1049 1088 1135 
3 51 130 161 261 296 445 512 573 577 629 727 810 898 932 986 1050 1089 1136 
4 52 131 162 262 297 446 513 574 578 630 728 811 899 933 987 1051 1090 1137 
5 53 132 163 263 298 447 514 575 579 631 729 812 900 934 988 1052 1091 1138 
6 54 133 164 264 299 448 515 576 580 632 730 813 901 935 989 1053 1092 1139 
7 55 134 165 265 300 449 516 529 581 633 731 814 902 936 990 1054 1093 1140 
8 56 135 166 266 301 450 517 530 582 634 732 815 903 937 991 1055 1094 1141 
9 57 136 167 267 302 451 518 531 583 635 733 816 904 938 992 1056 1095 1142 
10 58 137 168 268 303 452 519 532 584 636 734 769 905 939 993 1009 1096 1143 
11 59 138 169 269 304 453 520 533 585 637 735 770 906 940 994 1010 1097 1144 
12 60 139 170 270 305 454 521 534 586 638 736 771 907 941 995 1011 1098 1145 
13 61 140 171 271 306 455 522 535 587 639 737 772 908 942 996 1012 1099 1146 
14 62 141 172 272 307 456 523 536 588 640 738 773 909 943 997 1013 1100 1147 
15 63 142 173 273 308 457 524 537 589 641 739 774 910 944 998 1014 1101 1148 
16 64 143 174 274 309 458 525 538 590 642 740 775 911 945 999 1015 1102 1149 
17 65 144 175 275 310 459 526 539 591 643 741 776 912 946 1000 1016 1103 1150 
18 66 97 176 276 311 460 527 540 592 644 742 777 865 947 1001 1017 1104 1151 
19 67 98 177 277 312 461 528 541 593 645 743 778 866 948 1002 1018 1057 1152 
29 125 170 193 241 380 428 467 536 583 698 724 787 835 956 1025 1057 1105 1153 
30 126 171 194 242 381 429 468 537 584 699 725 788 836 957 1026 1058 1106 1154 
31 127 172 195 243 382 430 469 538 585 700 726 789 837 958 1027 1059 1107 1155 
32 128 173 196 244 383 431 470 539 586 701 727 790 838 959 1028 1060 1108 1156 
33 129 174 197 245 384 432 471 540 587 702 728 791 839 960 1029 1061 1109 1157 
34 130 175 198 246 337 385 472 541 588 703 729 792 840 913 1030 1062 1110 1158 
35 131 176 199 247 338 386 473 542 589 704 730 793 841 914 1031 1063 1111 1159 
36 132 177 200 248 339 387 474 543 590 705 731 794 842 915 1032 1064 1112 1160 
37 133 178 201 249 340 388 475 544 591 706 732 795 843 916 1033 1065 1113 1161 
38 134 179 202 250 341 389 476 545 592 707 733 796 844 917 1034 1066 1114 1162 
39 135 180 203 251 342 390 477 546 593 708 734 797 845 918 1035 1067 1115 1163 
40 136 181 204 252 343 391 478 547 594 709 735 798 846 919 1036 1068 1116 1164 
41 137 182 205 253 344 392 479 548 595 710 736 799 847 920 1037 1069 1117 1165 
42 138 183 206 254 345 393 480 549 596 711 737 800 848 921 1038 1070 1118 1166 
43 139 184 207 255 346 394 433 550 597 712 738 801 849 922 1039 1071 1119 1167 
44 140 185 208 256 347 395 434 551 598 713 739 802 850 923 1040 1072 1120 1168 
45 141 186 209 257 348 396 435 552 599 714 740 803 851 924 1041 1073 1121 1169 
46 142 187 210 258 349 397 436 553 600 715 741 804 852 925 1042 1074 1122 1170 
47 143 188 211 259 350 398 437 554 601 716 742 805 853 926 1043 1075 1123 1171 
48 144 189 212 260 351 399 438 555 602 717 743 806 854 927 1044 1076 1124 1172 
1 97 190 213 261 352 400 439 556 603 718 744 807 855 928 1045 1077 1125 1173 
2 98 191 214 262 353 401 440 557 604 719 745 808 856 929 1046 1078 1126 1174 
3 99 192 215 263 354 402 441 558 605 720 746 809 857 930 1047 1079 1127 1175 
4 100 145 216 264 355 403 442 559 606 673 747 810 858 931 1048 1080 1128 1176 
5 101 146 217 265 356 404 443 560 607 674 748 811 859 932 1049 1081 1129 1177 
6 102 147 218 266 357 405 444 561 608 675 749 812 860 933 1050 1082 1130 1178 
7 103 148 219 267 358 406 445 562 609 676 750 813 861 934 1051 1083 1131 1179 
8 104 149 220 268 359 407 446 563 610 677 751 814 862 935 1052 1084 1132 1180 
9 105 150 221 269 360 408 447 564 611 678 752 815 863 936 1053 1085 1133 1181 
10 106 151 222 270 361 409 448 565 612 679 753 816 864 937 1054 1086 1134 1182 
11 107 152 223 271 362 410 449 566 613 680 754 769 817 938 1055 1087 1135 1183 
12 108 153 224 272 363 411 450 567 614 681 755 770 818 939 1056 1088 1136 1184 
13 109 154 225 273 364 412 451 568 615 682 756 771 819 940 1009 1089 1137 1185 
14 110 155 226 274 365 413 452 569 616 683 757 772 820 941 1010 1090 1138 1186 
15 111 156 227 275 366 414 453 570 617 684 758 773 821 942 1011 1091 1139 1187 
16 112 157 228 276 367 415 454 571 618 685 759 774 822 943 1012 1092 1140 1188 
17 113 158 229 277 368 416 455 572 619 686 760 775 823 944 1013 1093 1141 1189 
18 114 159 230 278 369 417 456 573 620 687 761 776 824 945 1014 1094 1142 1190 
19 115 160 231 279 370 418 457 574 621 688 762 777 825 946 1015 1095 1143 1191 
20 116 161 232 280 371 419 458 575 622 689 763 778 826 947 1016 1096 1144 1192 
21 117 162 233 281 372 420 459 576 623 690 764 779 827 948 1017 1097 1145 1193 
22 118 163 234 282 373 421 460 529 624 691 765 780 828 949 1018 1098 1146 1194 
23 119 164 235 283 374 422 461 530 577 692 766 781 829 950 1019 1099 1147 1195 
24 120 165 236 284 375 423 462 531 578 693 767 782 830 951 1020 1100 1148 1196 
25 121 166 237 285 376 424 463 532 579 694 768 783 831 952 1021 1101 1149 1197 
26 122 167 238 286 377 425 464 533 580 695 721 784 832 953 1022 1102 1150 1198 
27 123 168 239 287 378 426 465 534 581 696 722 785 833 954 1023 1103 1151 1199 
28 124 169 240 288 379 427 466 535 582 697 723 786 834 955 1024 1104 1152 1200 
14 59 137 237 257 306 364 401 448 514 633 713 726 852 865 926 974 1153 1201 
15 60 138 238 258 307 365 402 449 515 634 714 727 853 866 927 975 1154 1202 
16 61 139 239 259 308 366 403 450 516 635 715 728 854 867 928 976 1155 1203 
17 62 140 240 260 309 367 404 451 517 636 716 729 855 868 929 977 1156 1204 
18 63 141 193 261 310 368 405 452 518 637 717 730 856 869 930 978 1157 1205 
19 64 142 194 262 311 369 406 453 519 638 718 731 857 870 931 979 1158 1206 
20 65 143 195 263 312 370 407 454 520 639 719 732 858 871 932 980 1159 1207 
21 66 144 196 264 313 371 408 455 521 640 720 733 859 872 933 981 1160 1208 
22 67 97 197 265 314 372 409 456 522 641 673 734 860 873 934 982 1161 1209 
23 68 98 198 266 315 373 410 457 523 642 674 735 861 874 935 983 1162 1210 
24 69 99 199 267 316 374 411 458 524 643 675 736 862 875 936 984 1163 1211 
25 70 100 200 268 317 375 412 459 525 644 676 737 863 876 937 985 1164 1212 
26 71 101 201 269 318 376 413 460 526 645 677 738 864 877 938 986 1165 1213 
27 72 102 202 270 319 377 414 461 527 646 678 739 817 878 939 987 1166 1214 
28 73 103 203 271 320 378 415 462 528 647 679 740 818 879 940 988 1167 1215 
29 74 104 204 272 321 379 416 463 481 648 680 741 819 880 941 989 1168 1216 
30 75 105 205 273 322 380 417 464 482 649 681 742 820 881 942 990 1169 1217 
31 76 106 206 274 323 381 418 465 483 650 682 743 821 882 943 991 1170 1218 
32 77 107 207 275 324 382 419 466 484 651 683 744 822 883 944 992 1171 1219 
33 78 108 208 276 325 383 420 467 485 652 684 745 823 884 945 993 1172 1220 
34 79 109 209 277 326 384 421 468 486 653 685 746 824 885 946 994 1173 1221 
35 80 110 210 278 327 337 422 469 487 654 686 747 825 886 947 995 1174 1222 
36 81 111 211 279 328 338 423 470 488 655 687 748 826 887 948 996 1175 1223 
37 82 112 212 280 329 339 424 471 489 656 688 749 827 888 949 997 1176 1224 
38 83 113 213 281 330 340 425 472 490 657 689 750 828 889 950 998 1177 1225 
39 84 114 214 282 331 341 426 473 491 658 690 751 829 890 951 999 1178 1226 
40 85 115 215 283 332 342 427 474 492 659 691 752 830 891 952 1000 1179 1227 
41 86 116 216 284 333 343 428 475 493 660 692 753 831 892 953 1001 1180 1228 
42 87 117 217 285 334 344 429 476 494 661 693 754 832 893 954 1002 1181 1229 
43 88 118 218 286 335 345 430 477 495 662 694 755 833 894 955 1003 1182 1230 
44 89 119 219 287 336 346 431 478 496 663 695 756 834 895 956 1004 1183 1231 
45 90 120 220 288 289 347 432 479 497 664 696 757 835 896 957 1005 1184 1232 
46 91 121 221 241 290 348 385 480 498 665 697 758 836 897 958 1006 1185 1233 
47 92 122 222 242 291 349 386 433 499 666 698 759 837 898 959 1007 1186 1234 
48 93 123 223 243 292 350 387 434 500 667 699 760 838 899 960 1008 1187 1235 
1 94 124 224 244 293 351 388 435 501 668 700 761 839 900 913 961 1188 1236 
2 95 125 225 245 294 352 389 436 502 669 701 762 840 901 914 962 1189 1237 
3 96 126 226 246 295 353 390 437 503 670 702 763 841 902 915 963 1190 1238 
4 49 127 227 247 296 354 391 438 504 671 703 764 842 903 916 964 1191 1239 
5 50 128 228 248 297 355 392 439 505 672 704 765 843 904 917 965 1192 1240 
6 51 129 229 249 298 356 393 440 506 625 705 766 844 905 918 966 1193 1241 
7 52 130 230 250 299 357 394 441 507 626 706 767 845 906 919 967 1194 1242 
8 53 131 231 251 300 358 395 442 508 627 707 768 846 907 920 968 1195 1243 
9 54 132 232 252 301 359 396 443 509 628 708 721 847 908 921 969 1196 1244 
10 55 133 233 253 302 360 397 444 510 629 709 722 848 909 922 970 1197 1245 
11 56 134 234 254 303 361 398 445 511 630 710 723 849 910 923 971 1198 1246 
12 57 135 235 255 304 362 399 446 512 631 711 724 850 911 924 972 1199 1247 
13 58 136 236 256 305 363 400 447 513 632 712 725 851 912 925 973 1200 1248 
37 88 145 228 296 346 393 517 546 616 630 693 785 829 896 1000 1030 1058 1201 
38 89 146 229 297 347 394 518 547 617 631 694 786 830 897 1001 1031 1059 1202 
39 90 147 230 298 348 395 519 548 618 632 695 787 831 898 1002 1032 1060 1203 
40 91 148 231 299 349 396 520 549 619 633 696 788 832 899 1003 1033 1061 1204 
41 92 149 232 300 350 397 521 550 620 634 697 789 833 900 1004 1034 1062 1205 
42 93 150 233 301 351 398 522 551 621 635 698 790 834 901 1005 1035 1063 1206 
43 94 151 234 302 352 399 523 552 622 636 699 791 835 902 1006 1036 1064 1207 
44 95 152 235 303 353 400 524 553 623 637 700 792 836 903 1007 1037 1065 1208 
45 96 153 236 304 354 401 525 554 624 638 701 793 837 904 1008 1038 1066 1209 
46 49 154 237 305 355 402 526 555 577 639 702 794 838 905 961 1039 1067 1210 
47 50 155 238 306 356 403 527 556 578 640 703 795 839 906 962 1040 1068 1211 
48 51 156 239 307 357 404 528 557 579 641 704 796 840 907 963 1041 1069 1212 
1 52 157 240 308 358 405 481 558 580 642 705 797 841 908 964 1042 1070 1213 
2 53 158 193 309 359 406 482 559 581 643 706 798 842 909 965 1043 1071 1214 
3 54 159 194 310 360 407 483 560 582 644 707 799 843 910 966 1044 1072 1215 
4 55 160 195 311 361 408 484 561 583 645 708 800 844 911 967 1045 1073 1216 
5 56 161 196 312 362 409 485 562 584 646 709 801 845 912 968 1046 1074 1217 
6 57 162 197 313 363 410 486 563 585 647 710 802 846 865 969 1047 1075 1218 
7 58 163 198 314 364 411 487 564 586 648 711 803 847 866 970 1048 1076 1219 
8 59 164 199 315 365 412 488 565 587 649 712 804 848 867 971 1049 1077 1220 
9 60 165 200 316 366 413 489 566 588 650 713 805 849 868 972 1050 1078 1221 
10 61 166 201 317 367 414 490 567 589 651 714 806 850 869 973 1051 1079 1222 
11 62 167 202 318 368 415 491 568 590 652 715 807 851 870 974 1052 1080 1223 
12 63 168 203 319 369 416 492 569 591 653 716 808 852 871 975 1053 1081 1224 
13 64 169 204 320 370 417 493 570 592 654 717 809 853 872 976 1054 1082 1225 
14 65 170 205 321 371 418 494 571 593 655 718 810 854 873 977 1055 1083 1226 
15 66 171 206 322 372 419 495 572 594 656 719 811 855 874 978 1056 1084 1227 
16 67 172 207 323 373 420 496 573 595 657 720 812 856 875 979 1009 1085 1228 
17 68 173 208 324 374 421 497 574 596 658 673 813 857 876 980 1010 1086 1229 
18 69 174 209 325 375 422 498 575 597 659 674 814 858 877 981 1011 1087 1230 
19 70 175 210 326 376 423 499 576 598 660 675 815 859 878 982 1012 1088 1231 
20 71 176 211 327 377 424 500 529 599 661 676 816 860 879 983 1013 1089 1232 
21 72 177 212 328 378 425 501 530 600 662 677 769 861 880 984 1014 1090 1233 
22 73 178 213 329 379 426 502 531 601 663 678 770 862 881 985 1015 1091 1234 
23 74 179 214 330 380 427 503 532 602 664 679 771 863 882 986 1016 1092 1235 
24 75 180 215 331 381 428 504 533 603 665 680 772 864 883 987 1017 1093 1236 
25 76 181 216 332 382 429 505 534 604 666 681 773 817 884 988 1018 1094 1237 
26 77 182 217 333 383 430 506 535 605 667 682 774 818 885 989 1019 1095 1238 
27 78 183 218 334 384 431 507 536 606 668 683 775 819 886 990 1020 1096 1239 
28 79 184 219 335 337 432 508 537 607 669 684 776 820 887 991 1021 1097 1240 
29 80 185 220 336 338 385 509 538 608 670 685 777 821 888 992 1022 1098 1241 
30 81 186 221 289 339 386 510 539 609 671 686 778 822 889 993 1023 1099 1242 
31 82 187 222 290 340 387 511 540 610 672 687 779 823 890 994 1024 1100 1243 
32 83 188 223 291 341 388 512 541 611 625 688 780 824 891 995 1025 1101 1244 
33 84 189 224 292 342 389 513 542 612 626 689 781 825 892 996 1026 1102 1245 
34 85 190 225 293 343 390 514 543 613 627 690 782 826 893 997 1027 1103 1246 
35 86 191 226 294 344 391 515 544 614 628 691 783 827 894 998 1028 1104 1247 
36 87 192 227 295 345 392 516 545 615 629 692 784 828 895 999 1029 1057 1248 
